1,2,21,28,39,43
1,2,21,28,39,43
1,2,21,28,40,42
1,2,21,28,40,42
1,2,25,28,35,43
1,2,26,28,35,42
1,2,27,28,35,41
1,3,21,28,38,43
1,3,21,28,38,43
1,3,21,28,39,42
1,3,21,28,39,42
1,3,21,28,40,41
1,3,21,28,40,41
1,3,24,28,35,43
1,3,25,28,35,42
1,3,26,28,35,41
1,3,27,28,35,40
1,4,21,28,37,43
1,4,21,28,37,43
1,4,21,28,38,42
1,4,21,28,38,42
1,4,21,28,39,41
1,4,21,28,39,41
1,4,23,28,35,43
1,4,24,28,35,42
1,4,25,28,35,41
1,4,26,28,35,40
1,4,27,28,35,39
1,5,21,28,36,43
1,5,21,28,36,43
1,5,21,28,37,42
1,5,21,28,37,42
1,5,21,28,38,41
1,5,21,28,38,41
1,5,21,28,39,40
1,5,21,28,39,40
1,5,22,28,35,43
1,5,23,28,35,42
1,5,24,28,35,41
1,5,25,28,35,40
1,5,26,28,35,39
1,5,27,28,35,38
1,6,21,28,35,43
1,6,21,28,35,43
1,6,21,28,35,43
1,6,21,28,35,43
1,6,21,28,35,43
1,6,21,28,35,43
1,6,21,28,36,42
1,6,21,28,36,42
1,6,21,28,37,41
1,6,21,28,37,41
1,6,21,28,38,40
1,6,21,28,38,40
1,6,22,28,35,42
1,6,23,28,35,41
1,6,24,28,35,40
1,6,25,28,35,39
1,6,26,28,35,38
1,6,27,28,35,37
1,7,20,28,35,43
1,7,21,28,34,43
1,7,21,28,34,43
1,7,21,28,35,42
1,7,21,28,35,42
1,7,21,28,35,42
1,7,21,28,35,42
1,7,21,28,35,42
1,7,21,28,36,41
1,7,21,28,36,41
1,7,21,28,37,40
1,7,21,28,37,40
1,7,21,28,38,39
1,7,21,28,38,39
1,7,22,28,35,41
1,7,23,28,35,40
1,7,24,28,35,39
1,7,25,28,35,38
1,7,26,28,35,37
1,7,27,28,35,36
1,8,19,28,35,43
1,8,20,28,35,42
1,8,21,28,33,43
1,8,21,28,33,43
1,8,21,28,34,42
1,8,21,28,34,42
1,8,21,28,35,41
1,8,21,28,35,41
1,8,21,28,35,41
1,8,21,28,35,41
1,8,21,28,35,41
1,8,21,28,36,40
1,8,21,28,36,40
1,8,21,28,37,39
1,8,21,28,37,39
1,8,22,28,35,40
1,8,23,28,35,39
1,8,24,28,35,38
1,8,25,28,35,37
1,8,26,28,35,36
1,9,18,28,35,43
1,9,19,28,35,42
1,9,20,28,35,41
1,9,21,28,32,43
1,9,21,28,32,43
1,9,21,28,33,42
1,9,21,28,33,42
1,9,21,28,34,41
1,9,21,28,34,41
1,9,21,28,35,40
1,9,21,28,35,40
1,9,21,28,35,40
1,9,21,28,35,40
1,9,21,28,35,40
1,9,21,28,36,39
1,9,21,28,36,39
1,9,21,28,37,38
1,9,21,28,37,38
1,9,22,28,35,39
1,9,23,28,35,38
1,9,24,28,35,37
1,9,25,28,35,36
1,10,11,27,42,43
1,10,11,28,41,43
1,10,11,29,40,43
1,10,11,29,41,42
1,10,11,30,39,43
1,10,11,30,40,42
1,10,11,31,38,43
1,10,11,31,39,42
1,10,11,31,40,41
1,10,11,32,37,43
1,10,11,32,38,42
1,10,11,32,39,41
1,10,11,33,36,43
1,10,11,33,37,42
1,10,11,33,38,41
1,10,11,33,39,40
1,10,11,34,35,43
1,10,11,34,36,42
1,10,11,34,37,41
1,10,11,34,38,40
1,10,11,35,36,41
1,10,11,35,37,40
1,10,11,35,38,39
1,10,11,36,37,39
1,10,12,26,42,43
1,10,12,27,41,43
1,10,12,28,40,43
1,10,12,28,41,42
1,10,12,29,39,43
1,10,12,29,40,42
1,10,12,30,38,43
1,10,12,30,39,42
1,10,12,30,40,41
1,10,12,31,37,43
1,10,12,31,38,42
1,10,12,31,39,41
1,10,12,32,36,43
1,10,12,32,37,42
1,10,12,32,38,41
1,10,12,32,39,40
1,10,12,33,35,43
1,10,12,33,36,42
1,10,12,33,37,41
1,10,12,33,38,40
1,10,12,34,35,42
1,10,12,34,36,41
1,10,12,34,37,40
1,10,12,34,38,39
1,10,12,35,36,40
1,10,12,35,37,39
1,10,12,36,37,38
1,10,13,25,42,43
1,10,13,26,41,43
1,10,13,27,40,43
1,10,13,27,41,42
1,10,13,28,39,43
1,10,13,28,40,42
1,10,13,29,38,43
1,10,13,29,39,42
1,10,13,29,40,41
1,10,13,30,37,43
1,10,13,30,38,42
1,10,13,30,39,41
1,10,13,31,36,43
1,10,13,31,37,42
1,10,13,31,38,41
1,10,13,31,39,40
1,10,13,32,35,43
1,10,13,32,36,42
1,10,13,32,37,41
1,10,13,32,38,40
1,10,13,33,34,43
1,10,13,33,35,42
1,10,13,33,36,41
1,10,13,33,37,40
1,10,13,33,38,39
1,10,13,34,35,41
1,10,13,34,36,40
1,10,13,34,37,39
1,10,13,35,36,39
1,10,13,35,37,38
1,10,14,24,42,43
1,10,14,25,41,43
1,10,14,26,40,43
1,10,14,26,41,42
1,10,14,27,39,43
1,10,14,27,40,42
1,10,14,28,38,43
1,10,14,28,39,42
1,10,14,28,40,41
1,10,14,29,37,43
1,10,14,29,38,42
1,10,14,29,39,41
1,10,14,30,36,43
1,10,14,30,37,42
1,10,14,30,38,41
1,10,14,30,39,40
1,10,14,31,35,43
1,10,14,31,36,42
1,10,14,31,37,41
1,10,14,31,38,40
1,10,14,32,34,43
1,10,14,32,35,42
1,10,14,32,36,41
1,10,14,32,37,40
1,10,14,32,38,39
1,10,14,33,34,42
1,10,14,33,35,41
1,10,14,33,36,40
1,10,14,33,37,39
1,10,14,34,35,40
1,10,14,34,36,39
1,10,14,34,37,38
1,10,14,35,36,38
1,10,15,23,42,43
1,10,15,24,41,43
1,10,15,25,40,43
1,10,15,25,41,42
1,10,15,26,39,43
1,10,15,26,40,42
1,10,15,27,38,43
1,10,15,27,39,42
1,10,15,27,40,41
1,10,15,28,37,43
1,10,15,28,38,42
1,10,15,28,39,41
1,10,15,29,36,43
1,10,15,29,37,42
1,10,15,29,38,41
1,10,15,29,39,40
1,10,15,30,35,43
1,10,15,30,36,42
1,10,15,30,37,41
1,10,15,30,38,40
1,10,15,31,34,43
1,10,15,31,35,42
1,10,15,31,36,41
1,10,15,31,37,40
1,10,15,31,38,39
1,10,15,32,33,43
1,10,15,32,34,42
1,10,15,32,35,41
1,10,15,32,36,40
1,10,15,32,37,39
1,10,15,33,34,41
1,10,15,33,35,40
1,10,15,33,36,39
1,10,15,33,37,38
1,10,15,34,35,39
1,10,15,34,36,38
1,10,15,35,36,37
1,10,16,22,42,43
1,10,16,23,41,43
1,10,16,24,40,43
1,10,16,24,41,42
1,10,16,25,39,43
1,10,16,25,40,42
1,10,16,26,38,43
1,10,16,26,39,42
1,10,16,26,40,41
1,10,16,27,37,43
1,10,16,27,38,42
1,10,16,27,39,41
1,10,16,28,36,43
1,10,16,28,37,42
1,10,16,28,38,41
1,10,16,28,39,40
1,10,16,29,35,43
1,10,16,29,36,42
1,10,16,29,37,41
1,10,16,29,38,40
1,10,16,30,34,43
1,10,16,30,35,42
1,10,16,30,36,41
1,10,16,30,37,40
1,10,16,30,38,39
1,10,16,31,33,43
1,10,16,31,34,42
1,10,16,31,35,41
1,10,16,31,36,40
1,10,16,31,37,39
1,10,16,32,33,42
1,10,16,32,34,41
1,10,16,32,35,40
1,10,16,32,36,39
1,10,16,32,37,38
1,10,16,33,34,40
1,10,16,33,35,39
1,10,16,33,36,38
1,10,16,34,35,38
1,10,16,34,36,37
1,10,17,21,42,43
1,10,17,22,41,43
1,10,17,23,40,43
1,10,17,23,41,42
1,10,17,24,39,43
1,10,17,24,40,42
1,10,17,25,38,43
1,10,17,25,39,42
1,10,17,25,40,41
1,10,17,26,37,43
1,10,17,26,38,42
1,10,17,26,39,41
1,10,17,27,36,43
1,10,17,27,37,42
1,10,17,27,38,41
1,10,17,27,39,40
1,10,17,28,35,43
1,10,17,28,35,43
1,10,17,28,36,42
1,10,17,28,37,41
1,10,17,28,38,40
1,10,17,29,34,43
1,10,17,29,35,42
1,10,17,29,36,41
1,10,17,29,37,40
1,10,17,29,38,39
1,10,17,30,33,43
1,10,17,30,34,42
1,10,17,30,35,41
1,10,17,30,36,40
1,10,17,30,37,39
1,10,17,31,32,43
1,10,17,31,33,42
1,10,17,31,34,41
1,10,17,31,35,40
1,10,17,31,36,39
1,10,17,31,37,38
1,10,17,32,33,41
1,10,17,32,34,40
1,10,17,32,35,39
1,10,17,32,36,38
1,10,17,33,34,39
1,10,17,33,35,38
1,10,17,33,36,37
1,10,17,34,35,37
1,10,18,20,42,43
1,10,18,21,41,43
1,10,18,22,40,43
1,10,18,22,41,42
1,10,18,23,39,43
1,10,18,23,40,42
1,10,18,24,38,43
1,10,18,24,39,42
1,10,18,24,40,41
1,10,18,25,37,43
1,10,18,25,38,42
1,10,18,25,39,41
1,10,18,26,36,43
1,10,18,26,37,42
1,10,18,26,38,41
1,10,18,26,39,40
1,10,18,27,35,43
1,10,18,27,36,42
1,10,18,27,37,41
1,10,18,27,38,40
1,10,18,28,34,43
1,10,18,28,35,42
1,10,18,28,35,42
1,10,18,28,36,41
1,10,18,28,37,40
1,10,18,28,38,39
1,10,18,29,33,43
1,10,18,29,34,42
1,10,18,29,35,41
1,10,18,29,36,40
1,10,18,29,37,39
1,10,18,30,32,43
1,10,18,30,33,42
1,10,18,30,34,41
1,10,18,30,35,40
1,10,18,30,36,39
1,10,18,30,37,38
1,10,18,31,32,42
1,10,18,31,33,41
1,10,18,31,34,40
1,10,18,31,35,39
1,10,18,31,36,38
1,10,18,32,33,40
1,10,18,32,34,39
1,10,18,32,35,38
1,10,18,32,36,37
1,10,18,33,34,38
1,10,18,33,35,37
1,10,18,34,35,36
1,10,19,20,41,43
1,10,19,21,40,43
1,10,19,21,41,42
1,10,19,22,39,43
1,10,19,22,40,42
1,10,19,23,38,43
1,10,19,23,39,42
1,10,19,23,40,41
1,10,19,24,37,43
1,10,19,24,38,42
1,10,19,24,39,41
1,10,19,25,36,43
1,10,19,25,37,42
1,10,19,25,38,41
1,10,19,25,39,40
1,10,19,26,35,43
1,10,19,26,36,42
1,10,19,26,37,41
1,10,19,26,38,40
1,10,19,27,34,43
1,10,19,27,35,42
1,10,19,27,36,41
1,10,19,27,37,40
1,10,19,27,38,39
1,10,19,28,33,43
1,10,19,28,34,42
1,10,19,28,35,41
1,10,19,28,35,41
1,10,19,28,36,40
1,10,19,28,37,39
1,10,19,29,32,43
1,10,19,29,33,42
1,10,19,29,34,41
1,10,19,29,35,40
1,10,19,29,36,39
1,10,19,29,37,38
1,10,19,30,31,43
1,10,19,30,32,42
1,10,19,30,33,41
1,10,19,30,34,40
1,10,19,30,35,39
1,10,19,30,36,38
1,10,19,31,32,41
1,10,19,31,33,40
1,10,19,31,34,39
1,10,19,31,35,38
1,10,19,31,36,37
1,10,19,32,33,39
1,10,19,32,34,38
1,10,19,32,35,37
1,10,19,33,34,37
1,10,19,33,35,36
1,10,20,21,39,43
1,10,20,21,40,42
1,10,20,22,38,43
1,10,20,22,39,42
1,10,20,22,40,41
1,10,20,23,37,43
1,10,20,23,38,42
1,10,20,23,39,41
1,10,20,24,36,43
1,10,20,24,37,42
1,10,20,24,38,41
1,10,20,24,39,40
1,10,20,25,35,43
1,10,20,25,36,42
1,10,20,25,37,41
1,10,20,25,38,40
1,10,20,26,34,43
1,10,20,26,35,42
1,10,20,26,36,41
1,10,20,26,37,40
1,10,20,26,38,39
1,10,20,27,33,43
1,10,20,27,34,42
1,10,20,27,35,41
1,10,20,27,36,40
1,10,20,27,37,39
1,10,20,28,32,43
1,10,20,28,33,42
1,10,20,28,34,41
1,10,20,28,35,40
1,10,20,28,35,40
1,10,20,28,36,39
1,10,20,28,37,38
1,10,20,29,31,43
1,10,20,29,32,42
1,10,20,29,33,41
1,10,20,29,34,40
1,10,20,29,35,39
1,10,20,29,36,38
1,10,20,30,31,42
1,10,20,30,32,41
1,10,20,30,33,40
1,10,20,30,34,39
1,10,20,30,35,38
1,10,20,30,36,37
1,10,20,31,32,40
1,10,20,31,33,39
1,10,20,31,34,38
1,10,20,31,35,37
1,10,20,32,33,38
1,10,20,32,34,37
1,10,20,32,35,36
1,10,20,33,34,36
1,10,21,22,37,43
1,10,21,22,37,43
1,10,21,22,37,43
1,10,21,22,38,42
1,10,21,22,38,42
1,10,21,22,38,42
1,10,21,22,39,41
1,10,21,22,39,41
1,10,21,22,39,41
1,10,21,23,36,43
1,10,21,23,36,43
1,10,21,23,36,43
1,10,21,23,37,42
1,10,21,23,37,42
1,10,21,23,37,42
1,10,21,23,38,41
1,10,21,23,38,41
1,10,21,23,38,41
1,10,21,23,39,40
1,10,21,23,39,40
1,10,21,23,39,40
1,10,21,24,35,43
1,10,21,24,35,43
1,10,21,24,35,43
1,10,21,24,36,42
1,10,21,24,36,42
1,10,21,24,36,42
1,10,21,24,37,41
1,10,21,24,37,41
1,10,21,24,37,41
1,10,21,24,38,40
1,10,21,24,38,40
1,10,21,24,38,40
1,10,21,25,34,43
1,10,21,25,34,43
1,10,21,25,34,43
1,10,21,25,35,42
1,10,21,25,35,42
1,10,21,25,35,42
1,10,21,25,36,41
1,10,21,25,36,41
1,10,21,25,36,41
1,10,21,25,37,40
1,10,21,25,37,40
1,10,21,25,37,40
1,10,21,25,38,39
1,10,21,25,38,39
1,10,21,25,38,39
1,10,21,26,33,43
1,10,21,26,33,43
1,10,21,26,33,43
1,10,21,26,34,42
1,10,21,26,34,42
1,10,21,26,34,42
1,10,21,26,35,41
1,10,21,26,35,41
1,10,21,26,35,41
1,10,21,26,36,40
1,10,21,26,36,40
1,10,21,26,36,40
1,10,21,26,37,39
1,10,21,26,37,39
1,10,21,26,37,39
1,10,21,27,32,43
1,10,21,27,32,43
1,10,21,27,32,43
1,10,21,27,33,42
1,10,21,27,33,42
1,10,21,27,33,42
1,10,21,27,34,41
1,10,21,27,34,41
1,10,21,27,34,41
1,10,21,27,35,40
1,10,21,27,35,40
1,10,21,27,35,40
1,10,21,27,36,39
1,10,21,27,36,39
1,10,21,27,36,39
1,10,21,27,37,38
1,10,21,27,37,38
1,10,21,27,37,38
1,10,21,28,31,43
1,10,21,28,31,43
1,10,21,28,31,43
1,10,21,28,31,43
1,10,21,28,31,43
1,10,21,28,31,43
1,10,21,28,31,43
1,10,21,28,32,42
1,10,21,28,32,42
1,10,21,28,32,42
1,10,21,28,32,42
1,10,21,28,32,42
1,10,21,28,32,42
1,10,21,28,32,42
1,10,21,28,33,41
1,10,21,28,33,41
1,10,21,28,33,41
1,10,21,28,33,41
1,10,21,28,33,41
1,10,21,28,33,41
1,10,21,28,33,41
1,10,21,28,34,40
1,10,21,28,34,40
1,10,21,28,34,40
1,10,21,28,34,40
1,10,21,28,34,40
1,10,21,28,34,40
1,10,21,28,34,40
1,10,21,28,35,39
1,10,21,28,35,39
1,10,21,28,35,39
1,10,21,28,35,39
1,10,21,28,35,39
1,10,21,28,35,39
1,10,21,28,35,39
1,10,21,28,35,39
1,10,21,28,35,39
1,10,21,28,35,39
1,10,21,28,35,39
1,10,21,28,35,39
1,10,21,28,36,38
1,10,21,28,36,38
1,10,21,28,36,38
1,10,21,28,36,38
1,10,21,28,36,38
1,10,21,28,36,38
1,10,21,28,36,38
1,10,21,29,30,43
1,10,21,29,30,43
1,10,21,29,30,43
1,10,21,29,31,42
1,10,21,29,31,42
1,10,21,29,31,42
1,10,21,29,32,41
1,10,21,29,32,41
1,10,21,29,32,41
1,10,21,29,33,40
1,10,21,29,33,40
1,10,21,29,33,40
1,10,21,29,34,39
1,10,21,29,34,39
1,10,21,29,34,39
1,10,21,29,35,38
1,10,21,29,35,38
1,10,21,29,35,38
1,10,21,29,36,37
1,10,21,29,36,37
1,10,21,29,36,37
1,10,21,30,31,41
1,10,21,30,31,41
1,10,21,30,31,41
1,10,21,30,32,40
1,10,21,30,32,40
1,10,21,30,32,40
1,10,21,30,33,39
1,10,21,30,33,39
1,10,21,30,33,39
1,10,21,30,34,38
1,10,21,30,34,38
1,10,21,30,34,38
1,10,21,30,35,37
1,10,21,30,35,37
1,10,21,30,35,37
1,10,21,31,32,39
1,10,21,31,32,39
1,10,21,31,32,39
1,10,21,31,33,38
1,10,21,31,33,38
1,10,21,31,33,38
1,10,21,31,34,37
1,10,21,31,34,37
1,10,21,31,34,37
1,10,21,31,35,36
1,10,21,31,35,36
1,10,21,31,35,36
1,10,21,32,33,37
1,10,21,32,33,37
1,10,21,32,33,37
1,10,21,32,34,36
1,10,21,32,34,36
1,10,21,32,34,36
1,10,21,33,34,35
1,10,21,33,34,35
1,10,21,33,34,35
1,10,22,23,35,43
1,10,22,23,36,42
1,10,22,23,37,41
1,10,22,23,38,40
1,10,22,24,34,43
1,10,22,24,35,42
1,10,22,24,36,41
1,10,22,24,37,40
1,10,22,24,38,39
1,10,22,25,33,43
1,10,22,25,34,42
1,10,22,25,35,41
1,10,22,25,36,40
1,10,22,25,37,39
1,10,22,26,32,43
1,10,22,26,33,42
1,10,22,26,34,41
1,10,22,26,35,40
1,10,22,26,36,39
1,10,22,26,37,38
1,10,22,27,31,43
1,10,22,27,32,42
1,10,22,27,33,41
1,10,22,27,34,40
1,10,22,27,35,39
1,10,22,27,36,38
1,10,22,28,30,43
1,10,22,28,31,42
1,10,22,28,32,41
1,10,22,28,33,40
1,10,22,28,34,39
1,10,22,28,35,38
1,10,22,28,35,38
1,10,22,28,36,37
1,10,22,29,30,42
1,10,22,29,31,41
1,10,22,29,32,40
1,10,22,29,33,39
1,10,22,29,34,38
1,10,22,29,35,37
1,10,22,30,31,40
1,10,22,30,32,39
1,10,22,30,33,38
1,10,22,30,34,37
1,10,22,30,35,36
1,10,22,31,32,38
1,10,22,31,33,37
1,10,22,31,34,36
1,10,22,32,33,36
1,10,22,32,34,35
1,10,23,24,33,43
1,10,23,24,34,42
1,10,23,24,35,41
1,10,23,24,36,40
1,10,23,24,37,39
1,10,23,25,32,43
1,10,23,25,33,42
1,10,23,25,34,41
1,10,23,25,35,40
1,10,23,25,36,39
1,10,23,25,37,38
1,10,23,26,31,43
1,10,23,26,32,42
1,10,23,26,33,41
1,10,23,26,34,40
1,10,23,26,35,39
1,10,23,26,36,38
1,10,23,27,30,43
1,10,23,27,31,42
1,10,23,27,32,41
1,10,23,27,33,40
1,10,23,27,34,39
1,10,23,27,35,38
1,10,23,27,36,37
1,10,23,28,29,43
1,10,23,28,30,42
1,10,23,28,31,41
1,10,23,28,32,40
1,10,23,28,33,39
1,10,23,28,34,38
1,10,23,28,35,37
1,10,23,28,35,37
1,10,23,29,30,41
1,10,23,29,31,40
1,10,23,29,32,39
1,10,23,29,33,38
1,10,23,29,34,37
1,10,23,29,35,36
1,10,23,30,31,39
1,10,23,30,32,38
1,10,23,30,33,37
1,10,23,30,34,36
1,10,23,31,32,37
1,10,23,31,33,36
1,10,23,31,34,35
1,10,23,32,33,35
1,10,24,25,31,43
1,10,24,25,32,42
1,10,24,25,33,41
1,10,24,25,34,40
1,10,24,25,35,39
1,10,24,25,36,38
1,10,24,26,30,43
1,10,24,26,31,42
1,10,24,26,32,41
1,10,24,26,33,40
1,10,24,26,34,39
1,10,24,26,35,38
1,10,24,26,36,37
1,10,24,27,29,43
1,10,24,27,30,42
1,10,24,27,31,41
1,10,24,27,32,40
1,10,24,27,33,39
1,10,24,27,34,38
1,10,24,27,35,37
1,10,24,28,29,42
1,10,24,28,30,41
1,10,24,28,31,40
1,10,24,28,32,39
1,10,24,28,33,38
1,10,24,28,34,37
1,10,24,28,35,36
1,10,24,28,35,36
1,10,24,29,30,40
1,10,24,29,31,39
1,10,24,29,32,38
1,10,24,29,33,37
1,10,24,29,34,36
1,10,24,30,31,38
1,10,24,30,32,37
1,10,24,30,33,36
1,10,24,30,34,35
1,10,24,31,32,36
1,10,24,31,33,35
1,10,24,32,33,34
1,10,25,26,29,43
1,10,25,26,30,42
1,10,25,26,31,41
1,10,25,26,32,40
1,10,25,26,33,39
1,10,25,26,34,38
1,10,25,26,35,37
1,10,25,27,28,43
1,10,25,27,29,42
1,10,25,27,30,41
1,10,25,27,32,39
1,10,25,27,33,38
1,10,25,27,34,37
1,10,25,27,35,36
1,10,25,28,29,41
1,10,25,28,30,40
1,10,25,28,31,39
1,10,25,28,32,38
1,10,25,28,33,37
1,10,25,28,34,36
1,10,25,29,30,39
1,10,25,29,31,38
1,10,25,29,32,37
1,10,25,29,33,36
1,10,25,29,34,35
1,10,25,30,31,37
1,10,25,30,32,36
1,10,25,30,33,35
1,10,25,31,32,35
1,10,25,31,33,34
1,10,26,27,28,42
1,10,26,27,29,41
1,10,26,27,30,40
1,10,26,27,31,39
1,10,26,27,32,38
1,10,26,27,33,37
1,10,26,27,34,36
1,10,26,28,29,40
1,10,26,28,30,39
1,10,26,28,31,38
1,10,26,28,32,37
1,10,26,28,33,36
1,10,26,28,34,35
1,10,26,29,30,38
1,10,26,29,31,37
1,10,26,29,32,36
1,10,26,29,33,35
1,10,26,30,31,36
1,10,26,30,32,35
1,10,26,30,33,34
1,10,26,31,32,34
1,10,27,28,29,39
1,10,27,28,30,38
1,10,27,28,31,37
1,10,27,28,32,36
1,10,27,28,33,35
1,10,27,29,30,37
1,10,27,29,31,36
1,10,27,29,32,35
1,10,27,29,33,34
1,10,27,30,31,35
1,10,27,30,32,34
1,10,27,31,32,33
1,10,28,29,30,36
1,10,28,29,31,35
1,10,28,29,32,34
1,10,28,30,31,34
1,10,28,30,32,33
1,10,29,30,31,33
1,11,16,28,35,43
1,11,17,28,35,42
1,11,18,28,35,41
1,11,19,28,35,40
1,11,20,28,35,39
1,11,21,28,30,43
1,11,21,28,30,43
1,11,21,28,31,42
1,11,21,28,31,42
1,11,21,28,32,41
1,11,21,28,32,41
1,11,21,28,33,40
1,11,21,28,33,40
1,11,21,28,34,39
1,11,21,28,34,39
1,11,21,28,35,38
1,11,21,28,35,38
1,11,21,28,35,38
1,11,21,28,35,38
1,11,21,28,35,38
1,11,21,28,36,37
1,11,21,28,36,37
1,11,22,28,35,37
1,11,23,28,35,36
1,12,15,28,35,43
1,12,16,28,35,42
1,12,17,28,35,41
1,12,18,28,35,40
1,12,19,28,35,39
1,12,20,28,35,38
1,12,21,28,29,43
1,12,21,28,29,43
1,12,21,28,30,42
1,12,21,28,30,42
1,12,21,28,31,41
1,12,21,28,31,41
1,12,21,28,32,40
1,12,21,28,32,40
1,12,21,28,33,39
1,12,21,28,33,39
1,12,21,28,34,38
1,12,21,28,34,38
1,12,21,28,35,37
1,12,21,28,35,37
1,12,21,28,35,37
1,12,21,28,35,37
1,12,21,28,35,37
1,12,22,28,35,36
1,13,14,28,35,43
1,13,15,28,35,42
1,13,16,28,35,41
1,13,17,28,35,40
1,13,18,28,35,39
1,13,19,28,35,38
1,13,20,28,35,37
1,13,21,28,29,42
1,13,21,28,29,42
1,13,21,28,30,41
1,13,21,28,30,41
1,13,21,28,31,40
1,13,21,28,31,40
1,13,21,28,32,39
1,13,21,28,32,39
1,13,21,28,33,38
1,13,21,28,33,38
1,13,21,28,34,37
1,13,21,28,34,37
1,13,21,28,35,36
1,13,21,28,35,36
1,13,21,28,35,36
1,13,21,28,35,36
1,13,21,28,35,36
1,14,15,28,35,41
1,14,16,28,35,40
1,14,17,28,35,39
1,14,18,28,35,38
1,14,19,28,35,37
1,14,20,28,35,36
1,14,21,28,29,41
1,14,21,28,29,41
1,14,21,28,30,40
1,14,21,28,30,40
1,14,21,28,31,39
1,14,21,28,31,39
1,14,21,28,32,38
1,14,21,28,32,38
1,14,21,28,33,37
1,14,21,28,33,37
1,14,21,28,34,36
1,14,21,28,34,36
1,15,16,28,35,39
1,15,17,28,35,38
1,15,18,28,35,37
1,15,19,28,35,36
1,15,21,28,29,40
1,15,21,28,29,40
1,15,21,28,30,39
1,15,21,28,30,39
1,15,21,28,31,38
1,15,21,28,31,38
1,15,21,28,32,37
1,15,21,28,32,37
1,15,21,28,33,36
1,15,21,28,33,36
1,15,21,28,34,35
1,15,21,28,34,35
1,16,17,28,35,37
1,16,18,28,35,36
1,16,21,28,29,39
1,16,21,28,29,39
1,16,21,28,30,38
1,16,21,28,30,38
1,16,21,28,31,37
1,16,21,28,31,37
1,16,21,28,32,36
1,16,21,28,32,36
1,16,21,28,33,35
1,16,21,28,33,35
1,17,21,28,29,38
1,17,21,28,29,38
1,17,21,28,30,37
1,17,21,28,30,37
1,17,21,28,31,36
1,17,21,28,31,36
1,17,21,28,32,35
1,17,21,28,32,35
1,17,21,28,33,34
1,17,21,28,33,34
1,17,26,27,28,35
1,18,21,28,29,37
1,18,21,28,29,37
1,18,21,28,30,36
1,18,21,28,30,36
1,18,21,28,31,35
1,18,21,28,31,35
1,18,21,28,32,34
1,18,21,28,32,34
1,18,25,27,28,35
1,19,21,28,29,36
1,19,21,28,29,36
1,19,21,28,30,35
1,19,21,28,30,35
1,19,21,28,31,34
1,19,21,28,31,34
1,19,21,28,32,33
1,19,21,28,32,33
1,19,24,27,28,35
1,19,25,26,28,35
1,20,21,28,29,35
1,20,21,28,29,35
1,20,21,28,30,34
1,20,21,28,30,34
1,20,21,28,31,33
1,20,21,28,31,33
1,20,23,27,28,35
1,20,24,26,28,35
1,21,22,27,28,35
1,21,23,26,28,35
1,21,24,25,28,35
1,22,23,25,28,35
2,3,21,28,37,43
2,3,21,28,37,43
2,3,21,28,38,42
2,3,21,28,38,42
2,3,21,28,39,41
2,3,21,28,39,41
2,3,23,28,35,43
2,3,24,28,35,42
2,3,25,28,35,41
2,3,26,28,35,40
2,3,27,28,35,39
2,4,21,28,36,43
2,4,21,28,36,43
2,4,21,28,37,42
2,4,21,28,37,42
2,4,21,28,38,41
2,4,21,28,38,41
2,4,21,28,39,40
2,4,21,28,39,40
2,4,22,28,35,43
2,4,23,28,35,42
2,4,24,28,35,41
2,4,25,28,35,40
2,4,26,28,35,39
2,4,27,28,35,38
2,5,21,28,35,43
2,5,21,28,35,43
2,5,21,28,35,43
2,5,21,28,35,43
2,5,21,28,35,43
2,5,21,28,35,43
2,5,21,28,36,42
2,5,21,28,36,42
2,5,21,28,37,41
2,5,21,28,37,41
2,5,21,28,38,40
2,5,21,28,38,40
2,5,22,28,35,42
2,5,23,28,35,41
2,5,24,28,35,40
2,5,25,28,35,39
2,5,26,28,35,38
2,5,27,28,35,37
2,6,20,28,35,43
2,6,21,28,34,43
2,6,21,28,34,43
2,6,21,28,35,42
2,6,21,28,35,42
2,6,21,28,35,42
2,6,21,28,35,42
2,6,21,28,35,42
2,6,21,28,36,41
2,6,21,28,36,41
2,6,21,28,37,40
2,6,21,28,37,40
2,6,21,28,38,39
2,6,21,28,38,39
2,6,22,28,35,41
2,6,23,28,35,40
2,6,24,28,35,39
2,6,25,28,35,38
2,6,26,28,35,37
2,6,27,28,35,36
2,7,19,28,35,43
2,7,20,28,35,42
2,7,21,28,33,43
2,7,21,28,33,43
2,7,21,28,34,42
2,7,21,28,34,42
2,7,21,28,35,41
2,7,21,28,35,41
2,7,21,28,35,41
2,7,21,28,35,41
2,7,21,28,35,41
2,7,21,28,36,40
2,7,21,28,36,40
2,7,21,28,37,39
2,7,21,28,37,39
2,7,22,28,35,40
2,7,23,28,35,39
2,7,24,28,35,38
2,7,25,28,35,37
2,7,26,28,35,36
2,8,18,28,35,43
2,8,19,28,35,42
2,8,20,28,35,41
2,8,21,28,32,43
2,8,21,28,32,43
2,8,21,28,33,42
2,8,21,28,33,42
2,8,21,28,34,41
2,8,21,28,34,41
2,8,21,28,35,40
2,8,21,28,35,40
2,8,21,28,35,40
2,8,21,28,35,40
2,8,21,28,35,40
2,8,21,28,36,39
2,8,21,28,36,39
2,8,21,28,37,38
2,8,21,28,37,38
2,8,22,28,35,39
2,8,23,28,35,38
2,8,24,28,35,37
2,8,25,28,35,36
2,9,17,28,35,43
2,9,18,28,35,42
2,9,19,28,35,41
2,9,20,28,35,40
2,9,21,28,31,43
2,9,21,28,31,43
2,9,21,28,32,42
2,9,21,28,32,42
2,9,21,28,33,41
2,9,21,28,33,41
2,9,21,28,34,40
2,9,21,28,34,40
2,9,21,28,35,39
2,9,21,28,35,39
2,9,21,28,35,39
2,9,21,28,35,39
2,9,21,28,35,39
2,9,21,28,36,38
2,9,21,28,36,38
2,9,22,28,35,38
2,9,23,28,35,37
2,9,24,28,35,36
2,10,16,28,35,43
2,10,17,28,35,42
2,10,18,28,35,41
2,10,19,28,35,40
2,10,20,28,35,39
2,10,21,22,36,43
2,10,21,22,37,42
2,10,21,22,38,41
2,10,21,22,39,40
2,10,21,23,35,43
2,10,21,23,36,42
2,10,21,23,37,41
2,10,21,23,38,40
2,10,21,24,34,43
2,10,21,24,35,42
2,10,21,24,36,41
2,10,21,24,37,40
2,10,21,24,38,39
2,10,21,25,33,43
2,10,21,25,34,42
2,10,21,25,35,41
2,10,21,25,36,40
2,10,21,25,37,39
2,10,21,26,32,43
2,10,21,26,33,42
2,10,21,26,34,41
2,10,21,26,35,40
2,10,21,26,36,39
2,10,21,26,37,38
2,10,21,27,31,43
2,10,21,27,32,42
2,10,21,27,33,41
2,10,21,27,34,40
2,10,21,27,35,39
2,10,21,27,36,38
2,10,21,28,30,43
2,10,21,28,30,43
2,10,21,28,30,43
2,10,21,28,30,43
2,10,21,28,31,42
2,10,21,28,31,42
2,10,21,28,31,42
2,10,21,28,31,42
2,10,21,28,32,41
2,10,21,28,32,41
2,10,21,28,32,41
2,10,21,28,32,41
2,10,21,28,33,40
2,10,21,28,33,40
2,10,21,28,33,40
2,10,21,28,33,40
2,10,21,28,34,39
2,10,21,28,34,39
2,10,21,28,34,39
2,10,21,28,34,39
2,10,21,28,35,38
2,10,21,28,35,38
2,10,21,28,35,38
2,10,21,28,35,38
2,10,21,28,35,38
2,10,21,28,35,38
2,10,21,28,35,38
2,10,21,28,35,38
2,10,21,28,36,37
2,10,21,28,36,37
2,10,21,28,36,37
2,10,21,28,36,37
2,10,21,29,30,42
2,10,21,29,31,41
2,10,21,29,32,40
2,10,21,29,33,39
2,10,21,29,34,38
2,10,21,29,35,37
2,10,21,30,31,40
2,10,21,30,32,39
2,10,21,30,33,38
2,10,21,30,34,37
2,10,21,30,35,36
2,10,21,31,32,38
2,10,21,31,33,37
2,10,21,31,34,36
2,10,21,32,33,36
2,10,21,32,34,35
2,10,22,28,35,37
2,10,23,28,35,36
2,11,15,28,35,43
2,11,16,28,35,42
2,11,17,28,35,41
2,11,18,28,35,40
2,11,19,28,35,39
2,11,20,28,35,38
2,11,21,28,29,43
2,11,21,28,29,43
2,11,21,28,30,42
2,11,21,28,30,42
2,11,21,28,31,41
2,11,21,28,31,41
2,11,21,28,32,40
2,11,21,28,32,40
2,11,21,28,33,39
2,11,21,28,33,39
2,11,21,28,34,38
2,11,21,28,34,38
2,11,21,28,35,37
2,11,21,28,35,37
2,11,21,28,35,37
2,11,21,28,35,37
2,11,21,28,35,37
2,11,22,28,35,36
2,12,14,28,35,43
2,12,15,28,35,42
2,12,16,28,35,41
2,12,17,28,35,40
2,12,18,28,35,39
2,12,19,28,35,38
2,12,20,28,35,37
2,12,21,28,29,42
2,12,21,28,29,42
2,12,21,28,30,41
2,12,21,28,30,41
2,12,21,28,31,40
2,12,21,28,31,40
2,12,21,28,32,39
2,12,21,28,32,39
2,12,21,28,33,38
2,12,21,28,33,38
2,12,21,28,34,37
2,12,21,28,34,37
2,12,21,28,35,36
2,12,21,28,35,36
2,12,21,28,35,36
2,12,21,28,35,36
2,12,21,28,35,36
2,13,14,28,35,42
2,13,15,28,35,41
2,13,16,28,35,40
2,13,17,28,35,39
2,13,18,28,35,38
2,13,19,28,35,37
2,13,20,28,35,36
2,13,21,28,29,41
2,13,21,28,29,41
2,13,21,28,30,40
2,13,21,28,30,40
2,13,21,28,31,39
2,13,21,28,31,39
2,13,21,28,32,38
2,13,21,28,32,38
2,13,21,28,33,37
2,13,21,28,33,37
2,13,21,28,34,36
2,13,21,28,34,36
2,14,15,28,35,40
2,14,16,28,35,39
2,14,17,28,35,38
2,14,18,28,35,37
2,14,19,28,35,36
2,14,21,28,29,40
2,14,21,28,29,40
2,14,21,28,30,39
2,14,21,28,30,39
2,14,21,28,31,38
2,14,21,28,31,38
2,14,21,28,32,37
2,14,21,28,32,37
2,14,21,28,33,36
2,14,21,28,33,36
2,14,21,28,34,35
2,14,21,28,34,35
2,15,16,28,35,38
2,15,17,28,35,37
2,15,18,28,35,36
2,15,21,28,29,39
2,15,21,28,29,39
2,15,21,28,30,38
2,15,21,28,30,38
2,15,21,28,31,37
2,15,21,28,31,37
2,15,21,28,32,36
2,15,21,28,32,36
2,15,21,28,33,35
2,15,21,28,33,35
2,16,17,28,35,36
2,16,21,28,29,38
2,16,21,28,29,38
2,16,21,28,30,37
2,16,21,28,30,37
2,16,21,28,31,36
2,16,21,28,31,36
2,16,21,28,32,35
2,16,21,28,32,35
2,16,21,28,33,34
2,16,21,28,33,34
2,16,26,27,28,35
2,17,21,28,29,37
2,17,21,28,29,37
2,17,21,28,30,36
2,17,21,28,30,36
2,17,21,28,31,35
2,17,21,28,31,35
2,17,21,28,32,34
2,17,21,28,32,34
2,17,25,27,28,35
2,18,21,28,29,36
2,18,21,28,29,36
2,18,21,28,30,35
2,18,21,28,30,35
2,18,21,28,31,34
2,18,21,28,31,34
2,18,21,28,32,33
2,18,21,28,32,33
2,18,24,27,28,35
2,18,25,26,28,35
2,19,21,28,29,35
2,19,21,28,29,35
2,19,21,28,30,34
2,19,21,28,30,34
2,19,21,28,31,33
2,19,21,28,31,33
2,19,23,27,28,35
2,19,24,26,28,35
2,20,21,28,29,34
2,20,21,28,29,34
2,20,21,28,30,33
2,20,21,28,30,33
2,20,21,28,31,32
2,20,21,28,31,32
2,20,22,27,28,35
2,20,23,26,28,35
2,20,24,25,28,35
2,21,22,26,28,35
2,21,23,25,28,35
2,22,23,24,28,35
3,4,21,28,35,43
3,4,21,28,35,43
3,4,21,28,35,43
3,4,21,28,35,43
3,4,21,28,35,43
3,4,21,28,35,43
3,4,21,28,36,42
3,4,21,28,36,42
3,4,21,28,37,41
3,4,21,28,37,41
3,4,21,28,38,40
3,4,21,28,38,40
3,4,22,28,35,42
3,4,23,28,35,41
3,4,24,28,35,40
3,4,25,28,35,39
3,4,26,28,35,38
3,4,27,28,35,37
3,5,20,28,35,43
3,5,21,28,34,43
3,5,21,28,34,43
3,5,21,28,35,42
3,5,21,28,35,42
3,5,21,28,35,42
3,5,21,28,35,42
3,5,21,28,35,42
3,5,21,28,36,41
3,5,21,28,36,41
3,5,21,28,37,40
3,5,21,28,37,40
3,5,21,28,38,39
3,5,21,28,38,39
3,5,22,28,35,41
3,5,23,28,35,40
3,5,24,28,35,39
3,5,25,28,35,38
3,5,26,28,35,37
3,5,27,28,35,36
3,6,19,28,35,43
3,6,20,28,35,42
3,6,21,28,33,43
3,6,21,28,33,43
3,6,21,28,34,42
3,6,21,28,34,42
3,6,21,28,35,41
3,6,21,28,35,41
3,6,21,28,35,41
3,6,21,28,35,41
3,6,21,28,35,41
3,6,21,28,36,40
3,6,21,28,36,40
3,6,21,28,37,39
3,6,21,28,37,39
3,6,22,28,35,40
3,6,23,28,35,39
3,6,24,28,35,38
3,6,25,28,35,37
3,6,26,28,35,36
3,7,18,28,35,43
3,7,19,28,35,42
3,7,20,28,35,41
3,7,21,28,32,43
3,7,21,28,32,43
3,7,21,28,33,42
3,7,21,28,33,42
3,7,21,28,34,41
3,7,21,28,34,41
3,7,21,28,35,40
3,7,21,28,35,40
3,7,21,28,35,40
3,7,21,28,35,40
3,7,21,28,35,40
3,7,21,28,36,39
3,7,21,28,36,39
3,7,21,28,37,38
3,7,21,28,37,38
3,7,22,28,35,39
3,7,23,28,35,38
3,7,24,28,35,37
3,7,25,28,35,36
3,8,17,28,35,43
3,8,18,28,35,42
3,8,19,28,35,41
3,8,20,28,35,40
3,8,21,28,31,43
3,8,21,28,31,43
3,8,21,28,32,42
3,8,21,28,32,42
3,8,21,28,33,41
3,8,21,28,33,41
3,8,21,28,34,40
3,8,21,28,34,40
3,8,21,28,35,39
3,8,21,28,35,39
3,8,21,28,35,39
3,8,21,28,35,39
3,8,21,28,35,39
3,8,21,28,36,38
3,8,21,28,36,38
3,8,22,28,35,38
3,8,23,28,35,37
3,8,24,28,35,36
3,9,16,28,35,43
3,9,17,28,35,42
3,9,18,28,35,41
3,9,19,28,35,40
3,9,20,28,35,39
3,9,21,28,30,43
3,9,21,28,30,43
3,9,21,28,31,42
3,9,21,28,31,42
3,9,21,28,32,41
3,9,21,28,32,41
3,9,21,28,33,40
3,9,21,28,33,40
3,9,21,28,34,39
3,9,21,28,34,39
3,9,21,28,35,38
3,9,21,28,35,38
3,9,21,28,35,38
3,9,21,28,35,38
3,9,21,28,35,38
3,9,21,28,36,37
3,9,21,28,36,37
3,9,22,28,35,37
3,9,23,28,35,36
3,10,15,28,35,43
3,10,16,28,35,42
3,10,17,28,35,41
3,10,18,28,35,40
3,10,19,28,35,39
3,10,20,28,35,38
3,10,21,22,35,43
3,10,21,22,36,42
3,10,21,22,37,41
3,10,21,22,38,40
3,10,21,23,34,43
3,10,21,23,35,42
3,10,21,23,36,41
3,10,21,23,37,40
3,10,21,23,38,39
3,10,21,24,33,43
3,10,21,24,34,42
3,10,21,24,35,41
3,10,21,24,36,40
3,10,21,24,37,39
3,10,21,25,32,43
3,10,21,25,33,42
3,10,21,25,34,41
3,10,21,25,35,40
3,10,21,25,36,39
3,10,21,25,37,38
3,10,21,26,31,43
3,10,21,26,32,42
3,10,21,26,33,41
3,10,21,26,34,40
3,10,21,26,35,39
3,10,21,26,36,38
3,10,21,27,30,43
3,10,21,27,31,42
3,10,21,27,32,41
3,10,21,27,33,40
3,10,21,27,34,39
3,10,21,27,35,38
3,10,21,27,36,37
3,10,21,28,29,43
3,10,21,28,29,43
3,10,21,28,29,43
3,10,21,28,29,43
3,10,21,28,30,42
3,10,21,28,30,42
3,10,21,28,30,42
3,10,21,28,30,42
3,10,21,28,31,41
3,10,21,28,31,41
3,10,21,28,31,41
3,10,21,28,31,41
3,10,21,28,32,40
3,10,21,28,32,40
3,10,21,28,32,40
3,10,21,28,32,40
3,10,21,28,33,39
3,10,21,28,33,39
3,10,21,28,33,39
3,10,21,28,33,39
3,10,21,28,34,38
3,10,21,28,34,38
3,10,21,28,34,38
3,10,21,28,34,38
3,10,21,28,35,37
3,10,21,28,35,37
3,10,21,28,35,37
3,10,21,28,35,37
3,10,21,28,35,37
3,10,21,28,35,37
3,10,21,28,35,37
3,10,21,28,35,37
3,10,21,29,30,41
3,10,21,29,31,40
3,10,21,29,32,39
3,10,21,29,33,38
3,10,21,29,34,37
3,10,21,29,35,36
3,10,21,30,31,39
3,10,21,30,32,38
3,10,21,30,33,37
3,10,21,30,34,36
3,10,21,31,32,37
3,10,21,31,33,36
3,10,21,31,34,35
3,10,21,32,33,35
3,10,22,28,35,36
3,11,14,28,35,43
3,11,15,28,35,42
3,11,16,28,35,41
3,11,17,28,35,40
3,11,18,28,35,39
3,11,19,28,35,38
3,11,20,28,35,37
3,11,21,28,29,42
3,11,21,28,29,42
3,11,21,28,30,41
3,11,21,28,30,41
3,11,21,28,31,40
3,11,21,28,31,40
3,11,21,28,32,39
3,11,21,28,32,39
3,11,21,28,33,38
3,11,21,28,33,38
3,11,21,28,34,37
3,11,21,28,34,37
3,11,21,28,35,36
3,11,21,28,35,36
3,11,21,28,35,36
3,11,21,28,35,36
3,11,21,28,35,36
3,12,13,28,35,43
3,12,14,28,35,42
3,12,15,28,35,41
3,12,16,28,35,40
3,12,17,28,35,39
3,12,18,28,35,38
3,12,19,28,35,37
3,12,20,28,35,36
3,12,21,28,29,41
3,12,21,28,29,41
3,12,21,28,30,40
3,12,21,28,30,40
3,12,21,28,31,39
3,12,21,28,31,39
3,12,21,28,32,38
3,12,21,28,32,38
3,12,21,28,33,37
3,12,21,28,33,37
3,12,21,28,34,36
3,12,21,28,34,36
3,13,14,28,35,41
3,13,15,28,35,40
3,13,16,28,35,39
3,13,17,28,35,38
3,13,18,28,35,37
3,13,19,28,35,36
3,13,21,28,29,40
3,13,21,28,29,40
3,13,21,28,30,39
3,13,21,28,30,39
3,13,21,28,31,38
3,13,21,28,31,38
3,13,21,28,32,37
3,13,21,28,32,37
3,13,21,28,33,36
3,13,21,28,33,36
3,13,21,28,34,35
3,13,21,28,34,35
3,14,15,28,35,39
3,14,16,28,35,38
3,14,17,28,35,37
3,14,18,28,35,36
3,14,21,28,29,39
3,14,21,28,29,39
3,14,21,28,30,38
3,14,21,28,30,38
3,14,21,28,31,37
3,14,21,28,31,37
3,14,21,28,32,36
3,14,21,28,32,36
3,14,21,28,33,35
3,14,21,28,33,35
3,15,16,28,35,37
3,15,17,28,35,36
3,15,21,28,29,38
3,15,21,28,29,38
3,15,21,28,30,37
3,15,21,28,30,37
3,15,21,28,31,36
3,15,21,28,31,36
3,15,21,28,32,35
3,15,21,28,32,35
3,15,21,28,33,34
3,15,21,28,33,34
3,15,26,27,28,35
3,16,21,28,29,37
3,16,21,28,29,37
3,16,21,28,30,36
3,16,21,28,30,36
3,16,21,28,31,35
3,16,21,28,31,35
3,16,21,28,32,34
3,16,21,28,32,34
3,16,25,27,28,35
3,17,21,28,29,36
3,17,21,28,29,36
3,17,21,28,30,35
3,17,21,28,30,35
3,17,21,28,31,34
3,17,21,28,31,34
3,17,21,28,32,33
3,17,21,28,32,33
3,17,24,27,28,35
3,17,25,26,28,35
3,18,21,28,29,35
3,18,21,28,29,35
3,18,21,28,30,34
3,18,21,28,30,34
3,18,21,28,31,33
3,18,21,28,31,33
3,18,23,27,28,35
3,18,24,26,28,35
3,19,20,21,28,43
3,19,20,21,28,43
3,19,21,28,29,34
3,19,21,28,29,34
3,19,21,28,30,33
3,19,21,28,30,33
3,19,21,28,31,32
3,19,21,28,31,32
3,19,22,27,28,35
3,19,23,26,28,35
3,19,24,25,28,35
3,20,21,27,28,35
3,20,21,28,29,33
3,20,21,28,29,33
3,20,21,28,30,32
3,20,21,28,30,32
3,20,22,26,28,35
3,20,23,25,28,35
3,21,22,25,28,35
3,21,23,24,28,35
4,5,19,28,35,43
4,5,20,28,35,42
4,5,21,28,33,43
4,5,21,28,33,43
4,5,21,28,34,42
4,5,21,28,34,42
4,5,21,28,35,41
4,5,21,28,35,41
4,5,21,28,35,41
4,5,21,28,35,41
4,5,21,28,35,41
4,5,21,28,36,40
4,5,21,28,36,40
4,5,21,28,37,39
4,5,21,28,37,39
4,5,22,28,35,40
4,5,23,28,35,39
4,5,24,28,35,38
4,5,25,28,35,37
4,5,26,28,35,36
4,6,18,28,35,43
4,6,19,28,35,42
4,6,20,28,35,41
4,6,21,28,32,43
4,6,21,28,32,43
4,6,21,28,33,42
4,6,21,28,33,42
4,6,21,28,34,41
4,6,21,28,34,41
4,6,21,28,35,40
4,6,21,28,35,40
4,6,21,28,35,40
4,6,21,28,35,40
4,6,21,28,35,40
4,6,21,28,36,39
4,6,21,28,36,39
4,6,21,28,37,38
4,6,21,28,37,38
4,6,22,28,35,39
4,6,23,28,35,38
4,6,24,28,35,37
4,6,25,28,35,36
4,7,17,28,35,43
4,7,18,28,35,42
4,7,19,28,35,41
4,7,20,28,35,40
4,7,21,28,31,43
4,7,21,28,31,43
4,7,21,28,32,42
4,7,21,28,32,42
4,7,21,28,33,41
4,7,21,28,33,41
4,7,21,28,34,40
4,7,21,28,34,40
4,7,21,28,35,39
4,7,21,28,35,39
4,7,21,28,35,39
4,7,21,28,35,39
4,7,21,28,35,39
4,7,21,28,36,38
4,7,21,28,36,38
4,7,22,28,35,38
4,7,23,28,35,37
4,7,24,28,35,36
4,8,16,28,35,43
4,8,17,28,35,42
4,8,18,28,35,41
4,8,19,28,35,40
4,8,20,28,35,39
4,8,21,28,30,43
4,8,21,28,30,43
4,8,21,28,31,42
4,8,21,28,31,42
4,8,21,28,32,41
4,8,21,28,32,41
4,8,21,28,33,40
4,8,21,28,33,40
4,8,21,28,34,39
4,8,21,28,34,39
4,8,21,28,35,38
4,8,21,28,35,38
4,8,21,28,35,38
4,8,21,28,35,38
4,8,21,28,35,38
4,8,21,28,36,37
4,8,21,28,36,37
4,8,22,28,35,37
4,8,23,28,35,36
4,9,15,28,35,43
4,9,16,28,35,42
4,9,17,28,35,41
4,9,18,28,35,40
4,9,19,28,35,39
4,9,20,28,35,38
4,9,21,28,29,43
4,9,21,28,29,43
4,9,21,28,30,42
4,9,21,28,30,42
4,9,21,28,31,41
4,9,21,28,31,41
4,9,21,28,32,40
4,9,21,28,32,40
4,9,21,28,33,39
4,9,21,28,33,39
4,9,21,28,34,38
4,9,21,28,34,38
4,9,21,28,35,37
4,9,21,28,35,37
4,9,21,28,35,37
4,9,21,28,35,37
4,9,21,28,35,37
4,9,22,28,35,36
4,10,14,28,35,43
4,10,15,28,35,42
4,10,16,28,35,41
4,10,17,28,35,40
4,10,18,28,35,39
4,10,19,28,35,38
4,10,20,28,35,37
4,10,21,22,34,43
4,10,21,22,35,42
4,10,21,22,36,41
4,10,21,22,37,40
4,10,21,22,38,39
4,10,21,23,33,43
4,10,21,23,34,42
4,10,21,23,35,41
4,10,21,23,36,40
4,10,21,23,37,39
4,10,21,24,32,43
4,10,21,24,33,42
4,10,21,24,34,41
4,10,21,24,35,40
4,10,21,24,36,39
4,10,21,24,37,38
4,10,21,25,31,43
4,10,21,25,32,42
4,10,21,25,33,41
4,10,21,25,34,40
4,10,21,25,35,39
4,10,21,25,36,38
4,10,21,26,30,43
4,10,21,26,31,42
4,10,21,26,32,41
4,10,21,26,33,40
4,10,21,26,34,39
4,10,21,26,35,38
4,10,21,26,36,37
4,10,21,27,29,43
4,10,21,27,30,42
4,10,21,27,31,41
4,10,21,27,32,40
4,10,21,27,33,39
4,10,21,27,34,38
4,10,21,27,35,37
4,10,21,28,29,42
4,10,21,28,29,42
4,10,21,28,29,42
4,10,21,28,29,42
4,10,21,28,30,41
4,10,21,28,30,41
4,10,21,28,30,41
4,10,21,28,30,41
4,10,21,28,31,40
4,10,21,28,31,40
4,10,21,28,31,40
4,10,21,28,31,40
4,10,21,28,32,39
4,10,21,28,32,39
4,10,21,28,32,39
4,10,21,28,32,39
4,10,21,28,33,38
4,10,21,28,33,38
4,10,21,28,33,38
4,10,21,28,33,38
4,10,21,28,34,37
4,10,21,28,34,37
4,10,21,28,34,37
4,10,21,28,34,37
4,10,21,28,35,36
4,10,21,28,35,36
4,10,21,28,35,36
4,10,21,28,35,36
4,10,21,28,35,36
4,10,21,28,35,36
4,10,21,28,35,36
4,10,21,28,35,36
4,10,21,29,30,40
4,10,21,29,31,39
4,10,21,29,32,38
4,10,21,29,33,37
4,10,21,29,34,36
4,10,21,30,31,38
4,10,21,30,32,37
4,10,21,30,33,36
4,10,21,30,34,35
4,10,21,31,32,36
4,10,21,31,33,35
4,10,21,32,33,34
4,11,13,28,35,43
4,11,14,28,35,42
4,11,15,28,35,41
4,11,16,28,35,40
4,11,17,28,35,39
4,11,18,28,35,38
4,11,19,28,35,37
4,11,20,28,35,36
4,11,21,28,29,41
4,11,21,28,29,41
4,11,21,28,30,40
4,11,21,28,30,40
4,11,21,28,31,39
4,11,21,28,31,39
4,11,21,28,32,38
4,11,21,28,32,38
4,11,21,28,33,37
4,11,21,28,33,37
4,11,21,28,34,36
4,11,21,28,34,36
4,12,13,28,35,42
4,12,14,28,35,41
4,12,15,28,35,40
4,12,16,28,35,39
4,12,17,28,35,38
4,12,18,28,35,37
4,12,19,28,35,36
4,12,21,28,29,40
4,12,21,28,29,40
4,12,21,28,30,39
4,12,21,28,30,39
4,12,21,28,31,38
4,12,21,28,31,38
4,12,21,28,32,37
4,12,21,28,32,37
4,12,21,28,33,36
4,12,21,28,33,36
4,12,21,28,34,35
4,12,21,28,34,35
4,13,14,28,35,40
4,13,15,28,35,39
4,13,16,28,35,38
4,13,17,28,35,37
4,13,18,28,35,36
4,13,21,28,29,39
4,13,21,28,29,39
4,13,21,28,30,38
4,13,21,28,30,38
4,13,21,28,31,37
4,13,21,28,31,37
4,13,21,28,32,36
4,13,21,28,32,36
4,13,21,28,33,35
4,13,21,28,33,35
4,14,15,28,35,38
4,14,16,28,35,37
4,14,17,28,35,36
4,14,21,28,29,38
4,14,21,28,29,38
4,14,21,28,30,37
4,14,21,28,30,37
4,14,21,28,31,36
4,14,21,28,31,36
4,14,21,28,32,35
4,14,21,28,32,35
4,14,21,28,33,34
4,14,21,28,33,34
4,14,26,27,28,35
4,15,16,28,35,36
4,15,21,28,29,37
4,15,21,28,29,37
4,15,21,28,30,36
4,15,21,28,30,36
4,15,21,28,31,35
4,15,21,28,31,35
4,15,21,28,32,34
4,15,21,28,32,34
4,15,25,27,28,35
4,16,21,28,29,36
4,16,21,28,29,36
4,16,21,28,30,35
4,16,21,28,30,35
4,16,21,28,31,34
4,16,21,28,31,34
4,16,21,28,32,33
4,16,21,28,32,33
4,16,24,27,28,35
4,16,25,26,28,35
4,17,21,28,29,35
4,17,21,28,29,35
4,17,21,28,30,34
4,17,21,28,30,34
4,17,21,28,31,33
4,17,21,28,31,33
4,17,23,27,28,35
4,17,24,26,28,35
4,18,20,21,28,43
4,18,20,21,28,43
4,18,21,28,29,34
4,18,21,28,29,34
4,18,21,28,30,33
4,18,21,28,30,33
4,18,21,28,31,32
4,18,21,28,31,32
4,18,22,27,28,35
4,18,23,26,28,35
4,18,24,25,28,35
4,19,20,21,28,42
4,19,20,21,28,42
4,19,21,27,28,35
4,19,21,28,29,33
4,19,21,28,29,33
4,19,21,28,30,32
4,19,21,28,30,32
4,19,22,26,28,35
4,19,23,25,28,35
4,20,21,26,28,35
4,20,21,28,29,32
4,20,21,28,29,32
4,20,21,28,30,31
4,20,21,28,30,31
4,20,22,25,28,35
4,20,23,24,28,35
4,21,22,24,28,35
5,6,17,28,35,43
5,6,18,28,35,42
5,6,19,28,35,41
5,6,20,28,35,40
5,6,21,28,31,43
5,6,21,28,31,43
5,6,21,28,32,42
5,6,21,28,32,42
5,6,21,28,33,41
5,6,21,28,33,41
5,6,21,28,34,40
5,6,21,28,34,40
5,6,21,28,35,39
5,6,21,28,35,39
5,6,21,28,35,39
5,6,21,28,35,39
5,6,21,28,35,39
5,6,21,28,36,38
5,6,21,28,36,38
5,6,22,28,35,38
5,6,23,28,35,37
5,6,24,28,35,36
5,7,16,28,35,43
5,7,17,28,35,42
5,7,18,28,35,41
5,7,19,28,35,40
5,7,20,28,35,39
5,7,21,28,30,43
5,7,21,28,30,43
5,7,21,28,31,42
5,7,21,28,31,42
5,7,21,28,32,41
5,7,21,28,32,41
5,7,21,28,33,40
5,7,21,28,33,40
5,7,21,28,34,39
5,7,21,28,34,39
5,7,21,28,35,38
5,7,21,28,35,38
5,7,21,28,35,38
5,7,21,28,35,38
5,7,21,28,35,38
5,7,21,28,36,37
5,7,21,28,36,37
5,7,22,28,35,37
5,7,23,28,35,36
5,8,15,28,35,43
5,8,16,28,35,42
5,8,17,28,35,41
5,8,18,28,35,40
5,8,19,28,35,39
5,8,20,28,35,38
5,8,21,28,29,43
5,8,21,28,29,43
5,8,21,28,30,42
5,8,21,28,30,42
5,8,21,28,31,41
5,8,21,28,31,41
5,8,21,28,32,40
5,8,21,28,32,40
5,8,21,28,33,39
5,8,21,28,33,39
5,8,21,28,34,38
5,8,21,28,34,38
5,8,21,28,35,37
5,8,21,28,35,37
5,8,21,28,35,37
5,8,21,28,35,37
5,8,21,28,35,37
5,8,22,28,35,36
5,9,14,28,35,43
5,9,15,28,35,42
5,9,16,28,35,41
5,9,17,28,35,40
5,9,18,28,35,39
5,9,19,28,35,38
5,9,20,28,35,37
5,9,21,28,29,42
5,9,21,28,29,42
5,9,21,28,30,41
5,9,21,28,30,41
5,9,21,28,31,40
5,9,21,28,31,40
5,9,21,28,32,39
5,9,21,28,32,39
5,9,21,28,33,38
5,9,21,28,33,38
5,9,21,28,34,37
5,9,21,28,34,37
5,9,21,28,35,36
5,9,21,28,35,36
5,9,21,28,35,36
5,9,21,28,35,36
5,9,21,28,35,36
5,10,13,28,35,43
5,10,14,28,35,42
5,10,15,28,35,41
5,10,16,28,35,40
5,10,17,28,35,39
5,10,18,28,35,38
5,10,19,28,35,37
5,10,20,28,35,36
5,10,21,22,33,43
5,10,21,22,34,42
5,10,21,22,35,41
5,10,21,22,36,40
5,10,21,22,37,39
5,10,21,23,32,43
5,10,21,23,33,42
5,10,21,23,34,41
5,10,21,23,35,40
5,10,21,23,36,39
5,10,21,23,37,38
5,10,21,24,31,43
5,10,21,24,32,42
5,10,21,24,33,41
5,10,21,24,34,40
5,10,21,24,35,39
5,10,21,24,36,38
5,10,21,25,30,43
5,10,21,25,31,42
5,10,21,25,32,41
5,10,21,25,33,40
5,10,21,25,34,39
5,10,21,25,35,38
5,10,21,25,36,37
5,10,21,26,29,43
5,10,21,26,30,42
5,10,21,26,31,41
5,10,21,26,32,40
5,10,21,26,33,39
5,10,21,26,34,38
5,10,21,26,35,37
5,10,21,27,28,43
5,10,21,27,29,42
5,10,21,27,30,41
5,10,21,27,31,40
5,10,21,27,32,39
5,10,21,27,33,38
5,10,21,27,34,37
5,10,21,27,35,36
5,10,21,28,29,41
5,10,21,28,29,41
5,10,21,28,29,41
5,10,21,28,29,41
5,10,21,28,30,40
5,10,21,28,30,40
5,10,21,28,30,40
5,10,21,28,30,40
5,10,21,28,31,39
5,10,21,28,31,39
5,10,21,28,31,39
5,10,21,28,31,39
5,10,21,28,32,38
5,10,21,28,32,38
5,10,21,28,32,38
5,10,21,28,32,38
5,10,21,28,33,37
5,10,21,28,33,37
5,10,21,28,33,37
5,10,21,28,33,37
5,10,21,28,34,36
5,10,21,28,34,36
5,10,21,28,34,36
5,10,21,28,34,36
5,10,21,29,30,39
5,10,21,29,31,38
5,10,21,29,32,37
5,10,21,29,33,36
5,10,21,29,34,35
5,10,21,30,31,37
5,10,21,30,32,36
5,10,21,30,33,35
5,10,21,31,32,35
5,10,21,31,33,34
5,11,12,28,35,43
5,11,13,28,35,42
5,11,14,28,35,41
5,11,15,28,35,40
5,11,16,28,35,39
5,11,17,28,35,38
5,11,18,28,35,37
5,11,19,28,35,36
5,11,21,28,29,40
5,11,21,28,29,40
5,11,21,28,30,39
5,11,21,28,30,39
5,11,21,28,31,38
5,11,21,28,31,38
5,11,21,28,32,37
5,11,21,28,32,37
5,11,21,28,33,36
5,11,21,28,33,36
5,11,21,28,34,35
5,11,21,28,34,35
5,12,13,28,35,41
5,12,14,28,35,40
5,12,15,28,35,39
5,12,16,28,35,38
5,12,17,28,35,37
5,12,18,28,35,36
5,12,21,28,29,39
5,12,21,28,29,39
5,12,21,28,30,38
5,12,21,28,30,38
5,12,21,28,31,37
5,12,21,28,31,37
5,12,21,28,32,36
5,12,21,28,32,36
5,12,21,28,33,35
5,12,21,28,33,35
5,13,14,28,35,39
5,13,15,28,35,38
5,13,16,28,35,37
5,13,17,28,35,36
5,13,21,28,29,38
5,13,21,28,29,38
5,13,21,28,30,37
5,13,21,28,30,37
5,13,21,28,31,36
5,13,21,28,31,36
5,13,21,28,32,35
5,13,21,28,32,35
5,13,21,28,33,34
5,13,21,28,33,34
5,13,26,27,28,35
5,14,15,28,35,37
5,14,16,28,35,36
5,14,21,28,29,37
5,14,21,28,29,37
5,14,21,28,30,36
5,14,21,28,30,36
5,14,21,28,31,35
5,14,21,28,31,35
5,14,21,28,32,34
5,14,21,28,32,34
5,14,25,27,28,35
5,15,21,28,29,36
5,15,21,28,29,36
5,15,21,28,30,35
5,15,21,28,30,35
5,15,21,28,31,34
5,15,21,28,31,34
5,15,21,28,32,33
5,15,21,28,32,33
5,15,24,27,28,35
5,15,25,26,28,35
5,16,21,28,29,35
5,16,21,28,29,35
5,16,21,28,30,34
5,16,21,28,30,34
5,16,21,28,31,33
5,16,21,28,31,33
5,16,23,27,28,35
5,16,24,26,28,35
5,17,20,21,28,43
5,17,20,21,28,43
5,17,21,28,29,34
5,17,21,28,29,34
5,17,21,28,30,33
5,17,21,28,30,33
5,17,21,28,31,32
5,17,21,28,31,32
5,17,22,27,28,35
5,17,23,26,28,35
5,17,24,25,28,35
5,18,19,21,28,43
5,18,19,21,28,43
5,18,20,21,28,42
5,18,20,21,28,42
5,18,21,27,28,35
5,18,21,28,29,33
5,18,21,28,29,33
5,18,21,28,30,32
5,18,21,28,30,32
5,18,22,26,28,35
5,18,23,25,28,35
5,19,20,21,28,41
5,19,20,21,28,41
5,19,20,27,28,35
5,19,21,26,28,35
5,19,21,28,29,32
5,19,21,28,29,32
5,19,21,28,30,31
5,19,21,28,30,31
5,19,22,25,28,35
5,19,23,24,28,35
5,20,21,25,28,35
5,20,21,28,29,31
5,20,21,28,29,31
5,20,22,24,28,35
5,21,22,23,28,35
6,7,15,28,35,43
6,7,16,28,35,42
6,7,17,28,35,41
6,7,18,28,35,40
6,7,19,28,35,39
6,7,20,28,35,38
6,7,21,28,29,43
6,7,21,28,29,43
6,7,21,28,30,42
6,7,21,28,30,42
6,7,21,28,31,41
6,7,21,28,31,41
6,7,21,28,32,40
6,7,21,28,32,40
6,7,21,28,33,39
6,7,21,28,33,39
6,7,21,28,34,38
6,7,21,28,34,38
6,7,21,28,35,37
6,7,21,28,35,37
6,7,21,28,35,37
6,7,21,28,35,37
6,7,21,28,35,37
6,7,22,28,35,36
6,8,14,28,35,43
6,8,15,28,35,42
6,8,16,28,35,41
6,8,17,28,35,40
6,8,18,28,35,39
6,8,19,28,35,38
6,8,20,28,35,37
6,8,21,28,29,42
6,8,21,28,29,42
6,8,21,28,30,41
6,8,21,28,30,41
6,8,21,28,31,40
6,8,21,28,31,40
6,8,21,28,32,39
6,8,21,28,32,39
6,8,21,28,33,38
6,8,21,28,33,38
6,8,21,28,34,37
6,8,21,28,34,37
6,8,21,28,35,36
6,8,21,28,35,36
6,8,21,28,35,36
6,8,21,28,35,36
6,8,21,28,35,36
6,9,13,28,35,43
6,9,14,28,35,42
6,9,15,28,35,41
6,9,16,28,35,40
6,9,17,28,35,39
6,9,18,28,35,38
6,9,19,28,35,37
6,9,20,28,35,36
6,9,21,28,29,41
6,9,21,28,29,41
6,9,21,28,30,40
6,9,21,28,30,40
6,9,21,28,31,39
6,9,21,28,31,39
6,9,21,28,32,38
6,9,21,28,32,38
6,9,21,28,33,37
6,9,21,28,33,37
6,9,21,28,34,36
6,9,21,28,34,36
6,10,12,28,35,43
6,10,13,28,35,42
6,10,14,28,35,41
6,10,15,28,35,40
6,10,16,28,35,39
6,10,17,28,35,38
6,10,18,28,35,37
6,10,19,28,35,36
6,10,21,22,32,43
6,10,21,22,33,42
6,10,21,22,34,41
6,10,21,22,35,40
6,10,21,22,36,39
6,10,21,22,37,38
6,10,21,23,31,43
6,10,21,23,32,42
6,10,21,23,33,41
6,10,21,23,34,40
6,10,21,23,35,39
6,10,21,23,36,38
6,10,21,24,30,43
6,10,21,24,31,42
6,10,21,24,32,41
6,10,21,24,33,40
6,10,21,24,34,39
6,10,21,24,35,38
6,10,21,24,36,37
6,10,21,25,29,43
6,10,21,25,30,42
6,10,21,25,31,41
6,10,21,25,32,40
6,10,21,25,33,39
6,10,21,25,34,38
6,10,21,25,35,37
6,10,21,26,28,43
6,10,21,26,29,42
6,10,21,26,30,41
6,10,21,26,31,40
6,10,21,26,32,39
6,10,21,26,33,38
6,10,21,26,34,37
6,10,21,26,35,36
6,10,21,27,28,42
6,10,21,27,29,41
6,10,21,27,30,40
6,10,21,27,31,39
6,10,21,27,32,38
6,10,21,27,33,37
6,10,21,27,34,36
6,10,21,28,29,40
6,10,21,28,29,40
6,10,21,28,29,40
6,10,21,28,29,40
6,10,21,28,30,39
6,10,21,28,30,39
6,10,21,28,30,39
6,10,21,28,30,39
6,10,21,28,31,38
6,10,21,28,31,38
6,10,21,28,31,38
6,10,21,28,31,38
6,10,21,28,32,37
6,10,21,28,32,37
6,10,21,28,32,37
6,10,21,28,32,37
6,10,21,28,33,36
6,10,21,28,33,36
6,10,21,28,33,36
6,10,21,28,33,36
6,10,21,28,34,35
6,10,21,28,34,35
6,10,21,28,34,35
6,10,21,28,34,35
6,10,21,29,30,38
6,10,21,29,31,37
6,10,21,29,32,36
6,10,21,29,33,35
6,10,21,30,31,36
6,10,21,30,32,35
6,10,21,30,33,34
6,10,21,31,32,34
6,11,12,28,35,42
6,11,13,28,35,41
6,11,14,28,35,40
6,11,15,28,35,39
6,11,16,28,35,38
6,11,17,28,35,37
6,11,18,28,35,36
6,11,21,28,29,39
6,11,21,28,29,39
6,11,21,28,30,38
6,11,21,28,30,38
6,11,21,28,31,37
6,11,21,28,31,37
6,11,21,28,32,36
6,11,21,28,32,36
6,11,21,28,33,35
6,11,21,28,33,35
6,12,13,28,35,40
6,12,14,28,35,39
6,12,15,28,35,38
6,12,16,28,35,37
6,12,17,28,35,36
6,12,21,28,29,38
6,12,21,28,29,38
6,12,21,28,30,37
6,12,21,28,30,37
6,12,21,28,31,36
6,12,21,28,31,36
6,12,21,28,32,35
6,12,21,28,32,35
6,12,21,28,33,34
6,12,21,28,33,34
6,12,26,27,28,35
6,13,14,28,35,38
6,13,15,28,35,37
6,13,16,28,35,36
6,13,21,28,29,37
6,13,21,28,29,37
6,13,21,28,30,36
6,13,21,28,30,36
6,13,21,28,31,35
6,13,21,28,31,35
6,13,21,28,32,34
6,13,21,28,32,34
6,13,25,27,28,35
6,14,15,28,35,36
6,14,21,28,29,36
6,14,21,28,29,36
6,14,21,28,30,35
6,14,21,28,30,35
6,14,21,28,31,34
6,14,21,28,31,34
6,14,21,28,32,33
6,14,21,28,32,33
6,14,24,27,28,35
6,14,25,26,28,35
6,15,21,28,29,35
6,15,21,28,29,35
6,15,21,28,30,34
6,15,21,28,30,34
6,15,21,28,31,33
6,15,21,28,31,33
6,15,23,27,28,35
6,15,24,26,28,35
6,16,20,21,28,43
6,16,20,21,28,43
6,16,21,28,29,34
6,16,21,28,29,34
6,16,21,28,30,33
6,16,21,28,30,33
6,16,21,28,31,32
6,16,21,28,31,32
6,16,22,27,28,35
6,16,23,26,28,35
6,16,24,25,28,35
6,17,19,21,28,43
6,17,19,21,28,43
6,17,20,21,28,42
6,17,20,21,28,42
6,17,21,27,28,35
6,17,21,28,29,33
6,17,21,28,29,33
6,17,21,28,30,32
6,17,21,28,30,32
6,17,22,26,28,35
6,17,23,25,28,35
6,18,19,21,28,42
6,18,19,21,28,42
6,18,20,21,28,41
6,18,20,21,28,41
6,18,20,27,28,35
6,18,21,26,28,35
6,18,21,28,29,32
6,18,21,28,29,32
6,18,21,28,30,31
6,18,21,28,30,31
6,18,22,25,28,35
6,18,23,24,28,35
6,19,20,21,28,40
6,19,20,21,28,40
6,19,20,26,28,35
6,19,21,25,28,35
6,19,21,28,29,31
6,19,21,28,29,31
6,19,22,24,28,35
6,20,21,24,28,35
6,20,21,28,29,30
6,20,21,28,29,30
6,20,22,23,28,35
7,8,13,28,35,43
7,8,14,28,35,42
7,8,15,28,35,41
7,8,16,28,35,40
7,8,17,28,35,39
7,8,18,28,35,38
7,8,19,28,35,37
7,8,20,28,35,36
7,8,21,28,29,41
7,8,21,28,29,41
7,8,21,28,30,40
7,8,21,28,30,40
7,8,21,28,31,39
7,8,21,28,31,39
7,8,21,28,32,38
7,8,21,28,32,38
7,8,21,28,33,37
7,8,21,28,33,37
7,8,21,28,34,36
7,8,21,28,34,36
7,9,12,28,35,43
7,9,13,28,35,42
7,9,14,28,35,41
7,9,15,28,35,40
7,9,16,28,35,39
7,9,17,28,35,38
7,9,18,28,35,37
7,9,19,28,35,36
7,9,21,28,29,40
7,9,21,28,29,40
7,9,21,28,30,39
7,9,21,28,30,39
7,9,21,28,31,38
7,9,21,28,31,38
7,9,21,28,32,37
7,9,21,28,32,37
7,9,21,28,33,36
7,9,21,28,33,36
7,9,21,28,34,35
7,9,21,28,34,35
7,10,11,28,35,43
7,10,12,28,35,42
7,10,13,28,35,41
7,10,14,28,35,40
7,10,15,28,35,39
7,10,16,28,35,38
7,10,17,28,35,37
7,10,18,28,35,36
7,10,21,22,31,43
7,10,21,22,32,42
7,10,21,22,33,41
7,10,21,22,34,40
7,10,21,22,35,39
7,10,21,22,36,38
7,10,21,23,30,43
7,10,21,23,31,42
7,10,21,23,32,41
7,10,21,23,33,40
7,10,21,23,34,39
7,10,21,23,35,38
7,10,21,23,36,37
7,10,21,24,29,43
7,10,21,24,30,42
7,10,21,24,31,41
7,10,21,24,32,40
7,10,21,24,33,39
7,10,21,24,34,38
7,10,21,24,35,37
7,10,21,25,28,43
7,10,21,25,29,42
7,10,21,25,30,41
7,10,21,25,31,40
7,10,21,25,32,39
7,10,21,25,33,38
7,10,21,25,34,37
7,10,21,25,35,36
7,10,21,26,27,43
7,10,21,26,28,42
7,10,21,26,29,41
7,10,21,26,30,40
7,10,21,26,31,39
7,10,21,26,32,38
7,10,21,26,33,37
7,10,21,26,34,36
7,10,21,27,28,41
7,10,21,27,29,40
7,10,21,27,30,39
7,10,21,27,31,38
7,10,21,27,32,37
7,10,21,27,33,36
7,10,21,27,34,35
7,10,21,28,29,39
7,10,21,28,29,39
7,10,21,28,29,39
7,10,21,28,29,39
7,10,21,28,30,38
7,10,21,28,30,38
7,10,21,28,30,38
7,10,21,28,30,38
7,10,21,28,31,37
7,10,21,28,31,37
7,10,21,28,31,37
7,10,21,28,31,37
7,10,21,28,32,36
7,10,21,28,32,36
7,10,21,28,32,36
7,10,21,28,32,36
7,10,21,28,33,35
7,10,21,28,33,35
7,10,21,28,33,35
7,10,21,28,33,35
7,10,21,29,30,37
7,10,21,29,31,36
7,10,21,29,32,35
7,10,21,29,33,34
7,10,21,30,31,35
7,10,21,30,32,34
7,10,21,31,32,33
7,11,12,28,35,41
7,11,13,28,35,40
7,11,14,28,35,39
7,11,15,28,35,38
7,11,16,28,35,37
7,11,17,28,35,36
7,11,21,28,29,38
7,11,21,28,29,38
7,11,21,28,30,37
7,11,21,28,30,37
7,11,21,28,31,36
7,11,21,28,31,36
7,11,21,28,32,35
7,11,21,28,32,35
7,11,21,28,33,34
7,11,21,28,33,34
7,11,26,27,28,35
7,12,13,28,35,39
7,12,14,28,35,38
7,12,15,28,35,37
7,12,16,28,35,36
7,12,21,28,29,37
7,12,21,28,29,37
7,12,21,28,30,36
7,12,21,28,30,36
7,12,21,28,31,35
7,12,21,28,31,35
7,12,21,28,32,34
7,12,21,28,32,34
7,12,25,27,28,35
7,13,14,28,35,37
7,13,15,28,35,36
7,13,21,28,29,36
7,13,21,28,29,36
7,13,21,28,30,35
7,13,21,28,30,35
7,13,21,28,31,34
7,13,21,28,31,34
7,13,21,28,32,33
7,13,21,28,32,33
7,13,24,27,28,35
7,13,25,26,28,35
7,14,21,28,29,35
7,14,21,28,29,35
7,14,21,28,30,34
7,14,21,28,30,34
7,14,21,28,31,33
7,14,21,28,31,33
7,14,23,27,28,35
7,14,24,26,28,35
7,15,20,21,28,43
7,15,20,21,28,43
7,15,21,28,29,34
7,15,21,28,29,34
7,15,21,28,30,33
7,15,21,28,30,33
7,15,21,28,31,32
7,15,21,28,31,32
7,15,22,27,28,35
7,15,23,26,28,35
7,15,24,25,28,35
7,16,19,21,28,43
7,16,19,21,28,43
7,16,20,21,28,42
7,16,20,21,28,42
7,16,21,27,28,35
7,16,21,28,29,33
7,16,21,28,29,33
7,16,21,28,30,32
7,16,21,28,30,32
7,16,22,26,28,35
7,16,23,25,28,35
7,17,18,21,28,43
7,17,18,21,28,43
7,17,19,21,28,42
7,17,19,21,28,42
7,17,20,21,28,41
7,17,20,21,28,41
7,17,20,27,28,35
7,17,21,26,28,35
7,17,21,28,29,32
7,17,21,28,29,32
7,17,21,28,30,31
7,17,21,28,30,31
7,17,22,25,28,35
7,17,23,24,28,35
7,18,19,21,28,41
7,18,19,21,28,41
7,18,19,27,28,35
7,18,20,21,28,40
7,18,20,21,28,40
7,18,20,26,28,35
7,18,21,25,28,35
7,18,21,28,29,31
7,18,21,28,29,31
7,18,22,24,28,35
7,19,20,21,28,39
7,19,20,21,28,39
7,19,20,25,28,35
7,19,21,24,28,35
7,19,21,28,29,30
7,19,21,28,29,30
7,19,22,23,28,35
7,20,21,23,28,35
8,9,11,28,35,43
8,9,12,28,35,42
8,9,13,28,35,41
8,9,14,28,35,40
8,9,15,28,35,39
8,9,16,28,35,38
8,9,17,28,35,37
8,9,18,28,35,36
8,9,21,28,29,39
8,9,21,28,29,39
8,9,21,28,30,38
8,9,21,28,30,38
8,9,21,28,31,37
8,9,21,28,31,37
8,9,21,28,32,36
8,9,21,28,32,36
8,9,21,28,33,35
8,9,21,28,33,35
8,10,11,28,35,42
8,10,12,28,35,41
8,10,13,28,35,40
8,10,14,28,35,39
8,10,15,28,35,38
8,10,16,28,35,37
8,10,17,28,35,36
8,10,21,22,30,43
8,10,21,22,31,42
8,10,21,22,32,41
8,10,21,22,33,40
8,10,21,22,34,39
8,10,21,22,35,38
8,10,21,22,36,37
8,10,21,23,29,43
8,10,21,23,30,42
8,10,21,23,31,41
8,10,21,23,32,40
8,10,21,23,33,39
8,10,21,23,34,38
8,10,21,23,35,37
8,10,21,24,28,43
8,10,21,24,29,42
8,10,21,24,30,41
8,10,21,24,31,40
8,10,21,24,32,39
8,10,21,24,33,38
8,10,21,24,34,37
8,10,21,24,35,36
8,10,21,25,27,43
8,10,21,25,28,42
8,10,21,25,29,41
8,10,21,25,30,40
8,10,21,25,31,39
8,10,21,25,32,38
8,10,21,25,33,37
8,10,21,25,34,36
8,10,21,26,27,42
8,10,21,26,28,41
8,10,21,26,29,40
8,10,21,26,30,39
8,10,21,26,31,38
8,10,21,26,32,37
8,10,21,26,33,36
8,10,21,26,34,35
8,10,21,27,28,40
8,10,21,27,29,39
8,10,21,27,30,38
8,10,21,27,31,37
8,10,21,27,32,36
8,10,21,27,33,35
8,10,21,28,29,38
8,10,21,28,29,38
8,10,21,28,29,38
8,10,21,28,29,38
8,10,21,28,30,37
8,10,21,28,30,37
8,10,21,28,30,37
8,10,21,28,30,37
8,10,21,28,31,36
8,10,21,28,31,36
8,10,21,28,31,36
8,10,21,28,31,36
8,10,21,28,32,35
8,10,21,28,32,35
8,10,21,28,32,35
8,10,21,28,32,35
8,10,21,28,33,34
8,10,21,28,33,34
8,10,21,28,33,34
8,10,21,28,33,34
8,10,21,29,30,36
8,10,21,29,31,35
8,10,21,29,32,34
8,10,21,30,31,34
8,10,21,30,32,33
8,10,26,27,28,35
8,11,12,28,35,40
8,11,13,28,35,39
8,11,14,28,35,38
8,11,15,28,35,37
8,11,16,28,35,36
8,11,21,28,29,37
8,11,21,28,29,37
8,11,21,28,30,36
8,11,21,28,30,36
8,11,21,28,31,35
8,11,21,28,31,35
8,11,21,28,32,34
8,11,21,28,32,34
8,11,25,27,28,35
8,12,13,28,35,38
8,12,14,28,35,37
8,12,15,28,35,36
8,12,21,28,29,36
8,12,21,28,29,36
8,12,21,28,30,35
8,12,21,28,30,35
8,12,21,28,31,34
8,12,21,28,31,34
8,12,21,28,32,33
8,12,21,28,32,33
8,12,24,27,28,35
8,12,25,26,28,35
8,13,14,28,35,36
8,13,21,28,29,35
8,13,21,28,29,35
8,13,21,28,30,34
8,13,21,28,30,34
8,13,21,28,31,33
8,13,21,28,31,33
8,13,23,27,28,35
8,13,24,26,28,35
8,14,20,21,28,43
8,14,20,21,28,43
8,14,21,28,29,34
8,14,21,28,29,34
8,14,21,28,30,33
8,14,21,28,30,33
8,14,21,28,31,32
8,14,21,28,31,32
8,14,22,27,28,35
8,14,23,26,28,35
8,14,24,25,28,35
8,15,19,21,28,43
8,15,19,21,28,43
8,15,20,21,28,42
8,15,20,21,28,42
8,15,21,27,28,35
8,15,21,28,29,33
8,15,21,28,29,33
8,15,21,28,30,32
8,15,21,28,30,32
8,15,22,26,28,35
8,15,23,25,28,35
8,16,18,21,28,43
8,16,18,21,28,43
8,16,19,21,28,42
8,16,19,21,28,42
8,16,20,21,28,41
8,16,20,21,28,41
8,16,20,27,28,35
8,16,21,26,28,35
8,16,21,28,29,32
8,16,21,28,29,32
8,16,21,28,30,31
8,16,21,28,30,31
8,16,22,25,28,35
8,16,23,24,28,35
8,17,18,21,28,42
8,17,18,21,28,42
8,17,19,21,28,41
8,17,19,21,28,41
8,17,19,27,28,35
8,17,20,21,28,40
8,17,20,21,28,40
8,17,20,26,28,35
8,17,21,25,28,35
8,17,21,28,29,31
8,17,21,28,29,31
8,17,22,24,28,35
8,18,19,21,28,40
8,18,19,21,28,40
8,18,19,26,28,35
8,18,20,21,28,39
8,18,20,21,28,39
8,18,20,25,28,35
8,18,21,24,28,35
8,18,21,28,29,30
8,18,21,28,29,30
8,18,22,23,28,35
8,19,20,21,28,38
8,19,20,21,28,38
8,19,20,24,28,35
8,19,21,23,28,35
8,20,21,22,28,35
9,10,11,28,35,41
9,10,12,28,35,40
9,10,13,28,35,39
9,10,14,28,35,38
9,10,15,28,35,37
9,10,16,28,35,36
9,10,21,22,29,43
9,10,21,22,30,42
9,10,21,22,31,41
9,10,21,22,32,40
9,10,21,22,33,39
9,10,21,22,34,38
9,10,21,22,35,37
9,10,21,23,28,43
9,10,21,23,29,42
9,10,21,23,30,41
9,10,21,23,31,40
9,10,21,23,32,39
9,10,21,23,33,38
9,10,21,23,34,37
9,10,21,23,35,36
9,10,21,24,27,43
9,10,21,24,28,42
9,10,21,24,29,41
9,10,21,24,30,40
9,10,21,24,31,39
9,10,21,24,32,38
9,10,21,24,33,37
9,10,21,24,34,36
9,10,21,25,26,43
9,10,21,25,27,42
9,10,21,25,28,41
9,10,21,25,29,40
9,10,21,25,30,39
9,10,21,25,31,38
9,10,21,25,32,37
9,10,21,25,33,36
9,10,21,25,34,35
9,10,21,26,27,41
9,10,21,26,28,40
9,10,21,26,29,39
9,10,21,26,30,38
9,10,21,26,31,37
9,10,21,26,32,36
9,10,21,26,33,35
9,10,21,27,28,39
9,10,21,27,29,38
9,10,21,27,30,37
9,10,21,27,31,36
9,10,21,27,32,35
9,10,21,27,33,34
9,10,21,28,29,37
9,10,21,28,29,37
9,10,21,28,29,37
9,10,21,28,29,37
9,10,21,28,30,36
9,10,21,28,30,36
9,10,21,28,30,36
9,10,21,28,30,36
9,10,21,28,31,35
9,10,21,28,31,35
9,10,21,28,31,35
9,10,21,28,31,35
9,10,21,28,32,34
9,10,21,28,32,34
9,10,21,28,32,34
9,10,21,28,32,34
9,10,21,29,30,35
9,10,21,29,31,34
9,10,21,29,32,33
9,10,21,30,31,33
9,10,25,27,28,35
9,11,12,28,35,39
9,11,13,28,35,38
9,11,14,28,35,37
9,11,15,28,35,36
9,11,21,28,29,36
9,11,21,28,29,36
9,11,21,28,30,35
9,11,21,28,30,35
9,11,21,28,31,34
9,11,21,28,31,34
9,11,21,28,32,33
9,11,21,28,32,33
9,11,24,27,28,35
9,11,25,26,28,35
9,12,13,28,35,37
9,12,14,28,35,36
9,12,21,28,29,35
9,12,21,28,29,35
9,12,21,28,30,34
9,12,21,28,30,34
9,12,21,28,31,33
9,12,21,28,31,33
9,12,23,27,28,35
9,12,24,26,28,35
9,13,20,21,28,43
9,13,20,21,28,43
9,13,21,28,29,34
9,13,21,28,29,34
9,13,21,28,30,33
9,13,21,28,30,33
9,13,21,28,31,32
9,13,21,28,31,32
9,13,22,27,28,35
9,13,23,26,28,35
9,13,24,25,28,35
9,14,19,21,28,43
9,14,19,21,28,43
9,14,20,21,28,42
9,14,20,21,28,42
9,14,21,27,28,35
9,14,21,28,29,33
9,14,21,28,29,33
9,14,21,28,30,32
9,14,21,28,30,32
9,14,22,26,28,35
9,14,23,25,28,35
9,15,18,21,28,43
9,15,18,21,28,43
9,15,19,21,28,42
9,15,19,21,28,42
9,15,20,21,28,41
9,15,20,21,28,41
9,15,20,27,28,35
9,15,21,26,28,35
9,15,21,28,29,32
9,15,21,28,29,32
9,15,21,28,30,31
9,15,21,28,30,31
9,15,22,25,28,35
9,15,23,24,28,35
9,16,17,21,28,43
9,16,17,21,28,43
9,16,18,21,28,42
9,16,18,21,28,42
9,16,19,21,28,41
9,16,19,21,28,41
9,16,19,27,28,35
9,16,20,21,28,40
9,16,20,21,28,40
9,16,20,26,28,35
9,16,21,25,28,35
9,16,21,28,29,31
9,16,21,28,29,31
9,16,22,24,28,35
9,17,18,21,28,41
9,17,18,21,28,41
9,17,18,27,28,35
9,17,19,21,28,40
9,17,19,21,28,40
9,17,19,26,28,35
9,17,20,21,28,39
9,17,20,21,28,39
9,17,20,25,28,35
9,17,21,24,28,35
9,17,21,28,29,30
9,17,21,28,29,30
9,17,22,23,28,35
9,18,19,21,28,39
9,18,19,21,28,39
9,18,19,25,28,35
9,18,20,21,28,38
9,18,20,21,28,38
9,18,20,24,28,35
9,18,21,23,28,35
9,19,20,21,28,37
9,19,20,21,28,37
9,19,20,23,28,35
9,19,21,22,28,35
10,11,12,28,35,38
10,11,13,28,35,37
10,11,14,28,35,36
10,11,21,28,29,35
10,11,21,28,29,35
10,11,21,28,30,34
10,11,21,28,30,34
10,11,21,28,31,33
10,11,21,28,31,33
10,11,23,27,28,35
10,11,24,26,28,35
10,12,13,28,35,36
10,12,20,21,28,43
10,12,20,21,28,43
10,12,21,28,29,34
10,12,21,28,29,34
10,12,21,28,30,33
10,12,21,28,30,33
10,12,21,28,31,32
10,12,21,28,31,32
10,12,22,27,28,35
10,12,23,26,28,35
10,12,24,25,28,35
10,13,19,21,28,43
10,13,19,21,28,43
10,13,20,21,28,42
10,13,20,21,28,42
10,13,21,27,28,35
10,13,21,28,29,33
10,13,21,28,29,33
10,13,21,28,30,32
10,13,21,28,30,32
10,13,22,26,28,35
10,13,23,25,28,35
10,14,18,21,28,43
10,14,18,21,28,43
10,14,19,21,28,42
10,14,19,21,28,42
10,14,20,21,28,41
10,14,20,21,28,41
10,14,20,27,28,35
10,14,21,26,28,35
10,14,21,28,29,32
10,14,21,28,29,32
10,14,21,28,30,31
10,14,21,28,30,31
10,14,22,25,28,35
10,14,23,24,28,35
10,15,17,21,28,43
10,15,17,21,28,43
10,15,18,21,28,42
10,15,18,21,28,42
10,15,19,21,28,41
10,15,19,21,28,41
10,15,19,27,28,35
10,15,20,21,28,40
10,15,20,21,28,40
10,15,20,26,28,35
10,15,21,25,28,35
10,15,21,28,29,31
10,15,21,28,29,31
10,15,22,24,28,35
10,16,17,21,28,42
10,16,17,21,28,42
10,16,18,21,28,41
10,16,18,21,28,41
10,16,18,27,28,35
10,16,19,21,28,40
10,16,19,21,28,40
10,16,19,26,28,35
10,16,20,21,28,39
10,16,20,21,28,39
10,16,20,25,28,35
10,16,21,24,28,35
10,16,21,28,29,30
10,16,21,28,29,30
10,16,22,23,28,35
10,17,18,21,28,40
10,17,18,21,28,40
10,17,18,26,28,35
10,17,19,21,28,39
10,17,19,21,28,39
10,17,19,25,28,35
10,17,20,21,28,38
10,17,20,21,28,38
10,17,20,24,28,35
10,17,21,23,28,35
10,18,19,21,28,38
10,18,19,21,28,38
10,18,19,24,28,35
10,18,20,21,28,37
10,18,20,21,28,37
10,18,20,23,28,35
10,18,21,22,28,35
10,19,20,21,28,36
10,19,20,21,28,36
10,19,20,22,28,35
10,21,22,23,24,34
10,21,22,23,25,33
10,21,22,23,26,32
10,21,22,23,27,31
10,21,22,23,28,30
10,21,22,24,25,32
10,21,22,24,26,31
10,21,22,24,27,30
10,21,22,24,28,29
10,21,22,25,26,30
10,21,22,25,27,29
10,21,22,26,27,28
10,21,23,24,25,31
10,21,23,24,26,30
10,21,23,24,27,29
10,21,23,25,26,29
10,21,23,25,27,28
10,21,24,25,26,28
11,12,19,21,28,43
11,12,19,21,28,43
11,12,20,21,28,42
11,12,20,21,28,42
11,12,21,27,28,35
11,12,21,28,29,33
11,12,21,28,29,33
11,12,21,28,30,32
11,12,21,28,30,32
11,12,22,26,28,35
11,12,23,25,28,35
11,13,18,21,28,43
11,13,18,21,28,43
11,13,19,21,28,42
11,13,19,21,28,42
11,13,20,21,28,41
11,13,20,21,28,41
11,13,20,27,28,35
11,13,21,26,28,35
11,13,21,28,29,32
11,13,21,28,29,32
11,13,21,28,30,31
11,13,21,28,30,31
11,13,22,25,28,35
11,13,23,24,28,35
11,14,17,21,28,43
11,14,17,21,28,43
11,14,18,21,28,42
11,14,18,21,28,42
11,14,19,21,28,41
11,14,19,21,28,41
11,14,19,27,28,35
11,14,20,21,28,40
11,14,20,21,28,40
11,14,20,26,28,35
11,14,21,25,28,35
11,14,21,28,29,31
11,14,21,28,29,31
11,14,22,24,28,35
11,15,16,21,28,43
11,15,16,21,28,43
11,15,17,21,28,42
11,15,17,21,28,42
11,15,18,21,28,41
11,15,18,21,28,41
11,15,18,27,28,35
11,15,19,21,28,40
11,15,19,21,28,40
11,15,19,26,28,35
11,15,20,21,28,39
11,15,20,21,28,39
11,15,20,25,28,35
11,15,21,24,28,35
11,15,21,28,29,30
11,15,21,28,29,30
11,15,22,23,28,35
11,16,17,21,28,41
11,16,17,21,28,41
11,16,17,27,28,35
11,16,18,21,28,40
11,16,18,21,28,40
11,16,18,26,28,35
11,16,19,21,28,39
11,16,19,21,28,39
11,16,19,25,28,35
11,16,20,21,28,38
11,16,20,21,28,38
11,16,20,24,28,35
11,16,21,23,28,35
11,17,18,21,28,39
11,17,18,21,28,39
11,17,18,25,28,35
11,17,19,21,28,38
11,17,19,21,28,38
11,17,19,24,28,35
11,17,20,21,28,37
11,17,20,21,28,37
11,17,20,23,28,35
11,17,21,22,28,35
11,18,19,21,28,37
11,18,19,21,28,37
11,18,19,23,28,35
11,18,20,21,28,36
11,18,20,21,28,36
11,18,20,22,28,35
11,19,20,21,28,35
11,19,20,21,28,35
11,19,20,21,28,35
11,19,20,21,28,35
11,19,20,21,28,35
12,13,17,21,28,43
12,13,17,21,28,43
12,13,18,21,28,42
12,13,18,21,28,42
12,13,19,21,28,41
12,13,19,21,28,41
12,13,19,27,28,35
12,13,20,21,28,40
12,13,20,21,28,40
12,13,20,26,28,35
12,13,21,25,28,35
12,13,21,28,29,31
12,13,21,28,29,31
12,13,22,24,28,35
12,14,16,21,28,43
12,14,16,21,28,43
12,14,17,21,28,42
12,14,17,21,28,42
12,14,18,21,28,41
12,14,18,21,28,41
12,14,18,27,28,35
12,14,19,21,28,40
12,14,19,21,28,40
12,14,19,26,28,35
12,14,20,21,28,39
12,14,20,21,28,39
12,14,20,25,28,35
12,14,21,24,28,35
12,14,21,28,29,30
12,14,21,28,29,30
12,14,22,23,28,35
12,15,16,21,28,42
12,15,16,21,28,42
12,15,17,21,28,41
12,15,17,21,28,41
12,15,17,27,28,35
12,15,18,21,28,40
12,15,18,21,28,40
12,15,18,26,28,35
12,15,19,21,28,39
12,15,19,21,28,39
12,15,19,25,28,35
12,15,20,21,28,38
12,15,20,21,28,38
12,15,20,24,28,35
12,15,21,23,28,35
12,16,17,21,28,40
12,16,17,21,28,40
12,16,17,26,28,35
12,16,18,21,28,39
12,16,18,21,28,39
12,16,18,25,28,35
12,16,19,21,28,38
12,16,19,21,28,38
12,16,19,24,28,35
12,16,20,21,28,37
12,16,20,21,28,37
12,16,20,23,28,35
12,16,21,22,28,35
12,17,18,21,28,38
12,17,18,21,28,38
12,17,18,24,28,35
12,17,19,21,28,37
12,17,19,21,28,37
12,17,19,23,28,35
12,17,20,21,28,36
12,17,20,21,28,36
12,17,20,22,28,35
12,18,19,21,28,36
12,18,19,21,28,36
12,18,19,22,28,35
12,18,20,21,28,35
12,18,20,21,28,35
12,18,20,21,28,35
12,18,20,21,28,35
12,18,20,21,28,35
12,19,20,21,28,34
12,19,20,21,28,34
13,14,15,21,28,43
13,14,15,21,28,43
13,14,16,21,28,42
13,14,16,21,28,42
13,14,17,21,28,41
13,14,17,21,28,41
13,14,17,27,28,35
13,14,18,21,28,40
13,14,18,21,28,40
13,14,18,26,28,35
13,14,19,21,28,39
13,14,19,21,28,39
13,14,19,25,28,35
13,14,20,21,28,38
13,14,20,21,28,38
13,14,20,24,28,35
13,14,21,23,28,35
13,15,16,21,28,41
13,15,16,21,28,41
13,15,16,27,28,35
13,15,17,21,28,40
13,15,17,21,28,40
13,15,17,26,28,35
13,15,18,21,28,39
13,15,18,21,28,39
13,15,18,25,28,35
13,15,19,21,28,38
13,15,19,21,28,38
13,15,19,24,28,35
13,15,20,21,28,37
13,15,20,21,28,37
13,15,20,23,28,35
13,15,21,22,28,35
13,16,17,21,28,39
13,16,17,21,28,39
13,16,17,25,28,35
13,16,18,21,28,38
13,16,18,21,28,38
13,16,18,24,28,35
13,16,19,21,28,37
13,16,19,21,28,37
13,16,19,23,28,35
13,16,20,21,28,36
13,16,20,21,28,36
13,16,20,22,28,35
13,17,18,21,28,37
13,17,18,21,28,37
13,17,18,23,28,35
13,17,19,21,28,36
13,17,19,21,28,36
13,17,19,22,28,35
13,17,20,21,28,35
13,17,20,21,28,35
13,17,20,21,28,35
13,17,20,21,28,35
13,17,20,21,28,35
13,18,19,21,28,35
13,18,19,21,28,35
13,18,19,21,28,35
13,18,19,21,28,35
13,18,19,21,28,35
13,18,20,21,28,34
13,18,20,21,28,34
13,19,20,21,28,33
13,19,20,21,28,33
14,15,16,21,28,40
14,15,16,21,28,40
14,15,16,26,28,35
14,15,17,21,28,39
14,15,17,21,28,39
14,15,17,25,28,35
14,15,18,21,28,38
14,15,18,21,28,38
14,15,18,24,28,35
14,15,19,21,28,37
14,15,19,21,28,37
14,15,19,23,28,35
14,15,20,21,28,36
14,15,20,21,28,36
14,15,20,22,28,35
14,16,17,21,28,38
14,16,17,21,28,38
14,16,17,24,28,35
14,16,18,21,28,37
14,16,18,21,28,37
14,16,18,23,28,35
14,16,19,21,28,36
14,16,19,21,28,36
14,16,19,22,28,35
14,16,20,21,28,35
14,16,20,21,28,35
14,16,20,21,28,35
14,16,20,21,28,35
14,16,20,21,28,35
14,17,18,21,28,36
14,17,18,21,28,36
14,17,18,22,28,35
14,17,19,21,28,35
14,17,19,21,28,35
14,17,19,21,28,35
14,17,19,21,28,35
14,17,19,21,28,35
14,17,20,21,28,34
14,17,20,21,28,34
14,18,19,20,28,35
14,18,19,21,28,34
14,18,19,21,28,34
14,18,20,21,28,33
14,18,20,21,28,33
14,19,20,21,28,32
14,19,20,21,28,32
15,16,17,21,28,37
15,16,17,21,28,37
15,16,17,23,28,35
15,16,18,21,28,36
15,16,18,21,28,36
15,16,18,22,28,35
15,16,19,21,28,35
15,16,19,21,28,35
15,16,19,21,28,35
15,16,19,21,28,35
15,16,19,21,28,35
15,16,20,21,28,34
15,16,20,21,28,34
15,17,18,21,28,35
15,17,18,21,28,35
15,17,18,21,28,35
15,17,18,21,28,35
15,17,18,21,28,35
15,17,19,20,28,35
15,17,19,21,28,34
15,17,19,21,28,34
15,17,20,21,28,33
15,17,20,21,28,33
15,18,19,21,28,33
15,18,19,21,28,33
15,18,20,21,28,32
15,18,20,21,28,32
15,19,20,21,28,31
15,19,20,21,28,31
16,17,18,20,28,35
16,17,18,21,28,34
16,17,18,21,28,34
16,17,19,21,28,33
16,17,19,21,28,33
16,17,20,21,28,32
16,17,20,21,28,32
16,18,19,21,28,32
16,18,19,21,28,32
16,18,20,21,28,31
16,18,20,21,28,31
16,19,20,21,28,30
16,19,20,21,28,30
17,18,19,21,28,31
17,18,19,21,28,31
17,18,20,21,28,30
17,18,20,21,28,30
17,19,20,21,28,29
17,19,20,21,28,29
